HEADER
﻿0.7460;(991.8339,1194.2636,222.5121);(1.7500,-2.6830,-34.1467);
﻿0.8020;(991.8112,1195.0607,222.6284);(2.1361,-2.0001,-29.9250);
﻿0.8430;(991.6681,1195.5030,222.5593);(2.4671,-2.2206,-27.1993);
﻿0.8990;(991.3458,1195.8980,222.5413);(2.5065,-3.0380,-24.0069);
﻿0.9410;(991.0434,1195.9153,222.4715);(2.2541,-3.8654,-22.4020);
﻿0.9970;(990.5095,1195.5308,222.3653);(1.9248,-4.5813,-21.8395);
﻿1.0530;(990.0021,1195.1179,222.3363);(2.1296,-4.7686,-22.0283);
﻿1.0940;(989.7451,1194.9273,222.3767);(1.9643,-5.4661,-20.4961);
﻿1.1500;(989.2008,1194.2778,222.4775);(1.8776,-5.7032,-20.6557);
﻿1.1920;(988.6366,1193.3993,222.5101);(1.9868,-5.8780,-23.7991);
﻿1.2480;(987.7078,1191.8005,222.3910);(1.4995,-6.6394,-30.9558);
﻿1.3030;(986.4578,1190.0842,222.1507);(1.4094,-7.9265,-40.4661);
﻿1.3450;(985.3726,1188.8180,221.8979);(1.2728,-9.0580,-48.2281);
﻿1.4010;(983.8025,1187.4701,221.5647);(1.1461,-10.6233,-58.1110);
﻿1.4420;(982.5663,1186.6495,221.3506);(0.7390,-11.5169,-64.8767);
﻿1.4980;(981.4060,1186.1627,221.1890);(0.5584,-12.2173,-71.2426);
﻿1.5540;(980.2595,1185.8290,221.1129);(-0.5005,-12.2561,-76.2719);
﻿1.5960;(979.4716,1185.7075,221.0234);(-0.6864,-12.5195,-80.4691);
﻿1.6520;(978.6325,1185.7310,220.9188);(-0.4106,-12.8874,-85.8410);
﻿1.6930;(978.0929,1185.7626,220.8828);(-0.9112,-12.9013,-89.1176);
﻿1.7490;(977.2116,1185.9251,220.8078);(-1.2286,-13.0411,-95.1769);
﻿1.7910;(976.3557,1186.1259,220.7427);(-1.3805,-13.1927,-101.2503);
﻿1.8470;(975.3358,1186.5038,220.6909);(-1.3857,-13.1151,-109.6159);
﻿1.9020;(974.8643,1186.7233,220.6917);(-1.8024,-12.2824,-114.7709);
﻿1.9440;(974.7694,1186.7773,220.7744);(-2.5592,-11.6637,-116.0571);
﻿2.0000;(974.7969,1186.6520,220.9788);(-2.7559,-10.2694,-116.3096);
﻿2.0420;(974.7689,1186.4294,221.0879);(-3.1823,-8.7771,-115.9391);
﻿2.0970;(974.6071,1185.9662,221.1108);(-2.8169,-7.4404,-115.4589);
﻿2.1530;(974.1767,1185.4142,220.9531);(-2.3107,-7.0113,-115.0032);
﻿2.1950;(973.6576,1184.8981,220.9331);(-2.0341,-6.9153,-114.6282);
﻿2.2510;(972.7028,1184.1503,221.1063);(-2.1849,-6.4187,-114.2924);
﻿2.2920;(971.8728,1183.5336,221.3528);(-1.9692,-5.9999,-114.0072);
﻿2.3480;(970.6156,1182.6139,221.6518);(-1.6174,-5.1989,-113.6364);
﻿2.4040;(969.3124,1181.6831,221.8090);(-1.1389,-4.8458,-113.1271);
﻿2.4450;(968.2685,1181.0155,221.8544);(-1.1046,-4.7187,-113.3677);
﻿2.5020;(966.8359,1180.1913,221.9259);(-0.9916,-4.6680,-114.4378);
﻿2.5440;(965.6932,1179.6786,221.9208);(-0.9379,-4.5157,-116.4270);
﻿2.5990;(964.1623,1179.1002,221.9407);(-0.9817,-4.4589,-120.2697);
﻿2.6410;(963.1054,1178.7766,221.9984);(-1.1467,-4.5958,-123.7884);
﻿2.6960;(961.8117,1178.4226,222.0965);(-1.5160,-4.5864,-128.6592);
﻿2.7520;(960.7704,1178.0827,222.1508);(-1.7931,-4.5649,-133.1817);
﻿2.7940;(960.1684,1177.7780,222.1428);(-1.9793,-4.5880,-136.2976);
﻿2.8500;(959.6433,1177.2608,222.0212);(-1.7509,-5.4905,-139.7070);
﻿2.8920;(959.4324,1176.7989,221.9401);(-1.4737,-6.0776,-141.8907);
﻿2.9470;(959.3816,1176.1284,221.7646);(-1.3138,-6.8086,-144.4068);
﻿3.0030;(959.4171,1175.4486,221.7550);(-1.1694,-7.2139,-147.0272);
﻿3.0440;(959.4941,1175.1607,221.7771);(-1.6924,-7.5869,-149.8051);
﻿3.1000;(959.4671,1175.1365,221.8525);(-1.7487,-7.7039,-156.3264);
﻿3.1420;(959.5744,1175.1643,221.9023);(-1.7747,-7.8636,-160.8488);
﻿3.1980;(959.9029,1175.0959,221.9504);(-1.7529,-7.7808,-165.5254);
﻿3.2540;(960.2979,1174.8529,221.9924);(-1.7534,-7.5816,-168.6317);
﻿3.2960;(960.6384,1174.5763,221.9879);(-1.5683,-7.5209,-170.0656);
﻿3.3520;(961.0969,1174.1605,221.9600);(-1.3854,-7.6255,-171.3882);
﻿3.3930;(961.4263,1173.8485,221.9383);(-1.1844,-7.6325,-172.1840);
﻿3.4480;(961.8304,1173.4538,221.9208);(-1.1562,-7.4682,-173.0540);
﻿3.5040;(962.1669,1173.0681,221.9135);(-1.1144,-7.4544,-173.9313);
﻿3.5460;(962.4107,1172.7984,221.9083);(-1.0154,-7.5282,-174.5291);
﻿3.6020;(962.7086,1172.4350,221.9009);(-0.8859,-7.5696,-175.1030);
﻿3.6430;(962.8808,1172.1507,221.9290);(-0.7599,-7.5137,-175.1937);
﻿3.7000;(963.0863,1171.8046,221.9217);(-0.5885,-7.4251,-175.1741);
﻿3.7410;(963.2058,1171.5257,221.8786);(-0.4299,-7.4757,-174.8096);
﻿3.7970;(963.3792,1171.1390,221.8015);(-0.3012,-7.7259,-173.9733);
﻿3.8520;(963.5275,1170.7767,221.6940);(-0.0985,-8.2260,-173.0173);
﻿3.8940;(963.6021,1170.4671,221.6142);(0.0491,-8.7423,-172.1296);
﻿3.9490;(963.6267,1170.0167,221.4503);(0.3666,-9.3271,-170.5571);
﻿3.9920;(963.5854,1169.6819,221.3113);(0.4811,-10.1696,-169.1850);
﻿4.0480;(963.4704,1169.2172,220.9460);(0.9805,-11.6273,-167.3718);
﻿4.1030;(963.3942,1168.6922,220.2817);(2.1084,-14.7068,-165.1418);
﻿4.1450;(963.3481,1168.2069,219.5498);(3.5588,-17.6112,-162.9872);
﻿4.2010;(963.3603,1167.4124,218.0879);(5.9029,-23.0664,-159.1821);
﻿4.2420;(963.5091,1166.7741,216.6187);(7.1270,-28.5466,-155.6677);
﻿4.2980;(963.7380,1165.9660,214.5242);(7.5798,-36.1931,-150.4414);
﻿4.3540;(963.8953,1165.1779,212.5252);(7.0442,-42.3080,-144.9123);
﻿4.3950;(964.0637,1164.6587,211.3549);(6.0677,-46.3358,-140.8425);
﻿4.4520;(964.2573,1164.0804,210.5898);(4.4085,-49.6947,-136.0261);
﻿4.4930;(964.3103,1163.6762,210.4700);(3.1116,-50.0954,-133.0955);
﻿4.5500;(964.4196,1163.2715,210.4739);(2.1154,-49.9037,-129.7547);
﻿4.5930;(964.5341,1163.0773,210.3993);(1.6345,-50.1577,-127.5760);
﻿4.6540;(964.7734,1162.9282,210.0995);(0.8464,-51.3676,-123.8879);
﻿4.6970;(964.8186,1162.8809,209.9369);(0.2346,-52.2061,-121.6354);
﻿4.7560;(964.7823,1162.9090,209.7472);(-0.3939,-52.9528,-119.3521);
﻿4.7980;(964.7186,1162.9208,209.6625);(-0.8603,-53.2503,-117.7722);
﻿4.8540;(964.5935,1162.9503,209.6111);(-1.2646,-53.5031,-115.9841);
﻿4.8960;(964.4664,1162.9834,209.5596);(-1.4812,-53.6673,-115.0614);
﻿4.9520;(964.2902,1163.0478,209.5284);(-1.5406,-53.8744,-114.1504);
﻿4.9940;(964.2002,1163.0626,209.5192);(-1.7499,-53.8196,-113.3745);
﻿5.0500;(964.0987,1163.1003,209.4936);(-1.8962,-53.8983,-112.3827);
﻿5.0920;(964.0628,1163.1195,209.4757);(-2.0080,-53.8887,-111.5754);
﻿5.1470;(964.0203,1163.1931,209.4821);(-2.1225,-53.8654,-110.8705);
﻿5.2030;(954.0720,1145.0732,209.5167);(-2.2071,-53.7773,-110.4471);
﻿5.2450;(944.1309,1126.9417,209.6167);(-2.0745,-53.6056,-110.3733);
﻿5.3010;(930.8002,1102.6409,209.7313);(-1.7432,-53.0929,-110.5557);
﻿5.3420;(920.7327,1084.2895,209.8060);(-1.4328,-52.7564,-110.8774);
﻿5.3980;(916.7439,1077.1466,209.8774);(-1.2573,-52.4236,-111.2490);
﻿5.4530;(916.7155,1077.3668,209.9648);(-1.2313,-52.0471,-111.7045);
﻿5.4950;(916.7244,1077.5290,210.0814);(-1.2767,-51.6158,-112.0049);
﻿5.5530;(916.7403,1077.7948,210.3386);(-1.0491,-50.5945,-112.7862);
﻿5.5940;(916.7606,1077.9035,210.4574);(-0.9630,-50.1583,-113.2397);
﻿5.6480;(916.8438,1078.1816,210.7316);(-0.8219,-49.3415,-113.9652);
﻿5.7040;(916.9087,1078.4146,211.2080);(-0.6731,-47.8338,-114.7991);
﻿5.7450;(916.9181,1078.5769,211.8128);(-0.4273,-45.8720,-115.7991);
﻿5.8000;(916.9309,1078.6705,213.0628);(-0.1090,-41.1996,-117.1110);
﻿5.8420;(916.9917,1078.7928,214.2632);(0.4192,-36.5216,-118.0573);
﻿5.8980;(917.2259,1079.0665,216.0867);(0.4922,-29.2368,-118.4290);
﻿5.9540;(917.5430,1079.4766,218.1182);(0.1024,-21.1290,-118.8262);
﻿5.9960;(917.7941,1079.9555,219.6217);(-0.7236,-14.7297,-119.2130);
﻿6.0520;(918.0462,1080.8151,220.9892);(-1.0052,-8.4259,-120.7071);
﻿6.0930;(918.1425,1081.3992,221.6643);(-1.2285,-5.4909,-122.1409);
﻿6.1490;(918.2176,1081.9886,222.0864);(-0.9881,-3.5900,-124.1366);
﻿6.1910;(918.2261,1082.2809,222.2290);(-0.7917,-2.9308,-125.3508);
﻿6.2460;(918.1557,1082.5894,222.3377);(-1.0031,-2.7109,-126.9148);
﻿6.3020;(918.0779,1082.9147,222.3564);(-1.3079,-2.6977,-128.5314);
﻿6.3440;(917.9996,1083.1742,222.4144);(-1.6000,-2.5429,-130.0201);
﻿6.4000;(917.8216,1083.6023,222.5461);(-2.2548,-1.7881,-132.5564);
﻿6.4420;(917.7273,1083.9343,222.5806);(-2.5623,-1.4968,-134.4003);
﻿6.4980;(917.4960,1084.3317,222.6208);(-2.9216,-1.1702,-137.0778);
﻿6.5530;(917.1263,1084.7689,222.5536);(-3.2679,-1.4656,-140.3106);
﻿6.5940;(916.8260,1085.1444,222.4032);(-3.2300,-2.0933,-143.4267);
﻿6.6510;(916.4329,1085.6567,222.1470);(-2.4766,-3.4946,-147.7376);
﻿6.6920;(916.1251,1085.9913,222.0221);(-1.6080,-4.1935,-151.0477);
﻿6.7490;(915.7838,1086.4519,221.8967);(-0.3015,-4.7587,-155.0611);
﻿6.8040;(915.4532,1086.9021,221.8878);(0.2268,-4.7085,-158.9237);
﻿6.8450;(915.2172,1087.2388,221.8463);(0.2220,-4.7135,-161.4681);
﻿6.9020;(914.9434,1087.6400,221.7246);(0.1083,-5.3457,-164.5407);
﻿6.9430;(914.7534,1087.8700,221.6232);(0.1308,-5.8548,-166.4873);
﻿6.9990;(914.5298,1088.0147,221.4545);(0.2980,-6.7503,-168.3991);
﻿7.0400;(914.3766,1088.0818,221.3366);(0.4745,-7.2852,-169.7155);
﻿7.0960;(914.1841,1088.0259,221.1986);(0.8718,-7.9675,-170.9981);
﻿7.1530;(914.0474,1087.8912,221.0906);(1.1292,-8.4660,-172.0977);
﻿7.1940;(913.9950,1087.7514,221.0265);(1.3534,-8.8232,-172.6713);
﻿7.2490;(914.0293,1087.4857,220.9471);(1.8921,-9.4275,-173.1164);
﻿7.2920;(914.1380,1087.2508,220.9320);(2.1177,-9.6425,-172.8482);
﻿7.3470;(914.3168,1086.8796,220.9187);(2.3910,-9.6185,-172.4950);
﻿7.4030;(914.5624,1086.4452,220.8555);(2.8368,-10.0482,-171.9769);
﻿7.4450;(914.7425,1086.0881,220.7807);(3.3251,-10.2775,-171.6865);
﻿7.5000;(915.0900,1085.5753,220.7780);(4.0637,-10.5797,-170.9324);
﻿7.5420;(915.3224,1085.1860,220.8323);(4.3652,-10.1918,-170.1063);
﻿7.5980;(915.6083,1084.8551,220.9124);(4.1943,-9.7597,-168.9890);
﻿7.6530;(915.8213,1084.6930,220.9312);(3.8744,-9.6360,-168.5011);
﻿7.6960;(915.9063,1084.5646,220.9025);(3.5026,-9.2471,-168.8068);
﻿7.7510;(916.0924,1084.7954,220.9948);(3.1401,-9.0146,-168.7491);
﻿7.7920;(916.1442,1084.8797,220.9285);(2.8574,-9.4002,-169.0696);
﻿7.8490;(916.1955,1085.1026,220.9825);(2.1080,-9.1177,-169.9592);
﻿7.9050;(916.2398,1085.2417,220.9621);(1.8651,-8.7107,-171.0449);
﻿7.9470;(916.3080,1085.3225,220.8490);(1.6967,-9.2238,-171.2243);
﻿8.0020;(916.3944,1085.3712,220.8403);(0.7659,-9.0693,-171.8085);
﻿8.0430;(916.4309,1085.3233,220.8847);(0.5127,-8.5394,-171.8374);
﻿8.0990;(916.5310,1085.1256,221.0331);(0.3121,-7.6505,-171.3188);
﻿8.1400;(916.7639,1084.8425,221.0972);(0.1092,-6.9010,-170.3422);
﻿8.1970;(916.9565,1084.4995,221.2050);(0.0567,-6.6957,-168.2535);
﻿8.2520;(917.2450,1084.1482,221.1873);(-0.9847,-7.0708,-164.9691);
﻿8.2940;(917.4769,1083.9991,221.1667);(-1.6528,-7.2929,-163.2608);
﻿8.3500;(917.8023,1083.8468,221.1573);(-2.6191,-7.7548,-161.5159);
﻿8.3920;(917.9962,1083.8577,221.1211);(-3.2917,-8.2992,-160.9205);
﻿8.4470;(918.2635,1083.9483,221.1242);(-2.7884,-8.6661,-161.3380);
﻿8.5030;(918.5758,1083.9558,221.2104);(-2.1566,-8.3256,-161.8590);
﻿8.5440;(918.7925,1083.9522,221.4166);(-1.7534,-7.5076,-162.0340);
﻿8.6000;(919.1027,1084.0001,221.6327);(-1.2568,-6.2163,-162.0122);
﻿8.6420;(919.2656,1084.2144,221.8765);(-0.5032,-4.8880,-162.6322);
﻿8.6980;(919.3700,1084.7278,222.0627);(0.2260,-3.8352,-164.7576);
﻿8.7540;(919.3259,1085.2822,222.0710);(0.9558,-3.6554,-167.1253);
﻿8.7950;(919.2828,1085.7487,221.9247);(1.0650,-4.5379,-169.0484);
﻿8.8510;(919.2707,1086.2955,221.6406);(1.1767,-6.6198,-170.5001);
﻿8.8930;(919.1597,1086.6808,221.5856);(0.4165,-7.2710,-170.8947);
﻿8.9490;(918.9935,1087.1288,221.4772);(-0.4485,-7.6485,-171.2596);
﻿9.0040;(918.8388,1087.4754,221.3485);(-1.1692,-8.3872,-172.2491);
﻿9.0450;(918.6360,1087.7020,221.3366);(-1.1932,-8.5803,-173.4654);
﻿9.1020;(918.3564,1087.8529,221.2425);(-0.8461,-8.8003,-175.3038);
﻿9.1430;(918.0887,1087.8292,221.2057);(-0.6329,-9.0228,-176.5208);
﻿9.1990;(917.8037,1087.5940,221.0420);(0.1683,-9.6425,-177.6235);
﻿9.2410;(917.6872,1087.3026,220.9238);(1.1623,-10.3084,-177.8994);
﻿9.2960;(917.6080,1086.8428,220.7997);(1.9882,-10.8670,-177.7144);
﻿9.3530;(917.5804,1086.3709,220.7010);(2.8257,-10.9350,-177.2548);
﻿9.3940;(917.5634,1086.0758,220.6467);(3.2253,-10.8669,-176.9773);
﻿9.4490;(917.6486,1085.8116,220.6786);(3.8852,-10.8309,-176.6524);
﻿9.4920;(917.7228,1085.6796,220.7716);(4.2103,-10.3347,-176.6038);
﻿9.5470;(917.8381,1085.6348,220.9067);(4.3740,-9.3461,-176.7690);
﻿9.6030;(917.9393,1085.7945,221.0458);(4.4797,-8.5566,-177.9394);
﻿9.6450;(917.9989,1085.9640,221.0885);(4.8387,-8.1612,-179.2368);
﻿9.7010;(918.0757,1086.1736,221.2012);(5.1023,-7.6184,179.4458);
﻿9.7420;(918.0905,1086.2977,221.2399);(5.2639,-7.2349,178.9579);
﻿9.7980;(918.0477,1086.4940,221.2631);(5.3537,-7.0621,178.4184);
﻿9.8540;(917.9743,1086.7620,221.2472);(5.2534,-7.0434,177.6881);
﻿9.8950;(917.9433,1086.9962,221.2301);(5.2103,-7.1962,177.0726);
﻿9.9510;(917.9307,1087.2815,221.2363);(4.8994,-7.2088,176.5143);
﻿9.9930;(917.9305,1087.4929,221.2619);(4.8543,-7.1612,175.9040);
﻿10.0480;(917.9817,1087.7764,221.2353);(4.9818,-7.0617,174.8641);
﻿10.1040;(917.9912,1088.0132,221.2340);(5.1886,-7.0632,173.9691);
﻿10.1460;(918.0010,1088.2029,221.2456);(5.0564,-7.3455,173.6083);
﻿10.2020;(918.0227,1088.4781,221.2843);(4.7137,-7.0506,172.6537);
﻿10.2430;(918.0441,1088.6614,221.3051);(4.7231,-7.0331,171.9457);
﻿10.2990;(918.0211,1088.8687,221.3371);(4.7654,-6.8695,171.2364);
﻿10.3550;(918.0543,1089.0363,221.4077);(4.8536,-6.4279,170.5930);
﻿10.3960;(918.1052,1089.1431,221.5030);(4.8527,-6.1017,170.0982);
﻿10.4520;(918.0766,1089.2358,221.5776);(4.4126,-5.7684,170.6766);
﻿10.4930;(918.1073,1089.2806,221.5830);(4.1225,-5.9090,170.8585);
﻿10.5490;(918.1400,1089.2858,221.5437);(4.2739,-6.0120,171.3159);
﻿10.5920;(918.1250,1089.2408,221.5414);(4.4058,-6.0976,171.7536);
﻿10.6470;(918.0843,1089.1800,221.5616);(4.4706,-6.0082,172.1179);
﻿10.7030;(918.0081,1088.9017,221.7618);(3.8108,-5.0839,173.7037);
﻿10.7450;(917.9771,1088.6630,221.8564);(3.7921,-4.9186,175.0795);
﻿10.8000;(917.9757,1088.3351,221.8761);(3.9779,-4.6902,176.5312);
﻿10.8430;(917.9344,1088.0470,221.9332);(4.2474,-4.4394,178.0141);
﻿10.8980;(917.8856,1087.7013,221.9598);(4.4319,-4.0752,-179.7757);
﻿10.9530;(917.8786,1087.3651,222.0106);(4.4914,-3.9037,-177.4644);
﻿10.9960;(917.8774,1087.0936,222.0016);(4.6247,-3.7868,-175.6121);
﻿11.0510;(917.9042,1086.6652,222.0335);(4.9945,-3.6541,-172.2990);
﻿11.0920;(917.9303,1086.3334,222.1174);(5.2030,-3.0899,-169.6437);
﻿11.1490;(918.0015,1085.9119,222.1537);(5.5107,-2.6279,-166.1616);
﻿11.2040;(918.0788,1085.5530,222.2321);(5.9866,-2.0939,-163.4996);
﻿11.2450;(918.1457,1085.3304,222.2500);(6.4689,-1.7604,-161.7168);
﻿11.3020;(918.2290,1085.1155,222.3882);(6.9727,-1.0935,-159.7771);
﻿11.3440;(918.2955,1085.0108,222.5085);(7.1503,-0.4574,-158.3020);
﻿11.3980;(918.3877,1084.8887,222.5920);(7.2108,-0.0042,-156.1899);
﻿11.4550;(918.4146,1084.8376,222.6285);(6.5002,-0.1534,-154.4302);
﻿11.4960;(918.3738,1084.8916,222.5986);(5.7706,-0.1743,-153.6716);
﻿11.5520;(918.1987,1085.1787,222.6486);(5.0593,-0.0766,-153.9459);
﻿11.5940;(918.0964,1085.3607,222.6881);(4.8159,0.4600,-154.5972);
﻿11.6500;(918.0604,1085.5937,222.7450);(4.7146,0.8133,-155.2141);
﻿11.6920;(918.0306,1085.7216,222.8248);(4.4427,1.0599,-155.3578);
﻿11.7470;(917.9987,1085.9006,222.9365);(4.1815,1.8198,-155.6460);
﻿11.8020;(917.9397,1086.0697,223.0427);(3.9714,2.3434,-155.8569);
﻿11.8440;(917.8755,1086.2160,223.0770);(3.7005,2.4707,-156.3040);
﻿11.9010;(917.7988,1086.4166,223.0439);(3.3617,2.4467,-157.0149);
﻿11.9420;(917.7086,1086.5702,222.9711);(3.1752,2.2988,-157.6333);
﻿11.9970;(917.5714,1086.8697,222.7871);(2.8720,1.7205,-159.4217);
﻿12.0540;(917.4247,1087.1173,222.4844);(1.8572,-0.0437,-160.7414);
﻿12.0950;(917.3365,1087.2734,222.4333);(1.2264,-0.8122,-161.8072);
﻿12.1510;(917.2617,1087.3216,222.3749);(1.0811,-1.6662,-162.3533);
﻿12.1930;(917.2285,1087.2097,222.2467);(1.4629,-2.7869,-161.9973);
﻿12.2480;(917.1224,1086.9338,222.1293);(1.9175,-3.8168,-160.3930);
﻿12.3030;(916.9332,1086.6741,222.1185);(1.7770,-4.0437,-158.3518);
﻿12.3460;(916.8317,1086.4934,222.0570);(1.5268,-4.3307,-156.5620);
﻿12.4010;(916.6861,1086.3417,222.0966);(0.9298,-4.7748,-154.5364);
﻿12.4420;(916.5909,1086.2060,222.1284);(1.0440,-4.6874,-153.1984);
﻿12.4980;(916.4785,1085.7738,222.3017);(0.6933,-4.0353,-150.4938);
﻿12.5550;(916.4999,1085.0539,222.4705);(0.8884,-3.3500,-145.8979);
﻿12.5960;(916.5823,1084.4849,222.5320);(0.9428,-2.5723,-142.2863);
﻿12.6520;(916.8085,1083.5964,222.6881);(0.7176,-1.8129,-137.3069);
﻿12.6930;(916.9653,1082.9897,222.7335);(0.9803,-1.4637,-134.0810);
﻿12.7490;(917.2756,1082.1772,222.7317);(1.3277,-1.5624,-129.6431);
﻿12.7910;(917.4973,1081.6838,222.7211);(1.3637,-1.7446,-126.8138);
﻿12.8470;(917.7981,1081.0482,222.7216);(1.1506,-1.8146,-123.4520);
﻿12.9020;(918.1394,1080.5268,222.6222);(1.0500,-2.3124,-120.4876);
﻿12.9440;(918.4422,1080.1449,222.5749);(0.9078,-2.6056,-118.3643);
﻿12.9990;(918.8591,1079.7803,222.4984);(1.1560,-2.8378,-115.9441);
﻿13.0420;(919.2351,1079.5760,222.4020);(1.3307,-3.2694,-113.9478);
﻿13.0970;(919.7103,1079.4009,222.3237);(1.5353,-3.6557,-111.8643);
﻿13.1520;(920.2272,1079.2982,222.2274);(1.8227,-3.9198,-109.8051);
﻿13.1940;(920.6130,1079.2833,222.1427);(2.0149,-4.2258,-108.2289);
﻿13.2500;(921.1531,1079.2867,222.0206);(2.3485,-4.7158,-105.9393);
﻿13.2920;(921.5819,1079.3081,221.9578);(2.4936,-4.9986,-103.8815);
﻿13.3470;(922.1070,1079.3401,221.8698);(2.7549,-5.2736,-101.2730);
﻿13.4030;(922.5619,1079.3864,221.7443);(2.9298,-5.4234,-98.8665);
﻿13.4450;(922.8501,1079.4789,221.7112);(2.9353,-6.0048,-97.3491);
﻿13.5000;(923.1492,1079.5992,221.6493);(2.9312,-5.9851,-95.7511);
﻿13.5420;(923.3159,1079.7138,221.6191);(2.8492,-5.9569,-94.8965);
﻿13.5980;(923.4857,1079.8623,221.6106);(2.8040,-5.8039,-94.0341);
﻿13.6540;(923.6321,1080.0203,221.5808);(2.6255,-5.7661,-93.3680);
﻿13.6950;(923.7211,1080.1353,221.5611);(2.6108,-5.7966,-92.9513);
﻿13.7520;(923.8361,1080.2749,221.5356);(2.5833,-5.7238,-92.3698);
﻿13.7930;(923.9007,1080.3935,221.5131);(2.5973,-5.6332,-92.1036);
﻿13.8490;(923.9674,1080.5433,221.5397);(2.5450,-5.6134,-91.7670);
﻿13.9050;(924.0119,1080.7168,221.5885);(2.5202,-5.4877,-91.5887);
﻿13.9460;(924.0385,1080.7930,221.6401);(2.5039,-4.9945,-91.4696);
﻿14.0030;(924.0552,1080.8901,221.6762);(2.4306,-4.6709,-91.2629);
﻿14.0440;(924.0398,1080.9450,221.6893);(2.3627,-4.5853,-91.1336);
﻿14.0990;(924.0132,1080.9733,221.6736);(2.1683,-4.5850,-91.0043);
﻿14.1410;(923.9709,1080.9464,221.6772);(2.0568,-4.4390,-90.9236);
﻿14.1970;(923.8626,1080.8823,221.6586);(1.8937,-4.4981,-91.0564);
﻿14.2530;(923.6874,1080.8411,221.5881);(1.7371,-4.7609,-91.3799);
﻿14.2950;(923.5304,1080.7957,221.5269);(1.6591,-5.0122,-91.7368);
﻿14.3500;(923.2643,1080.6901,221.4624);(1.6316,-5.2970,-92.3776);
﻿14.3920;(923.0595,1080.6068,221.4344);(1.5888,-5.5795,-92.8052);
﻿14.4470;(922.7736,1080.4994,221.3427);(1.3516,-5.8113,-93.2802);
﻿14.5030;(922.5037,1080.3833,221.3089);(1.1580,-6.1839,-93.6719);
﻿14.5450;(922.2951,1080.2987,221.2639);(0.9827,-6.3712,-94.0279);
﻿14.6000;(922.0052,1080.1733,221.2197);(0.7635,-6.6264,-94.6822);
﻿14.6420;(921.7688,1080.0972,221.1530);(0.6107,-6.8614,-95.2804);
﻿14.6980;(921.4541,1079.9938,221.0748);(0.3279,-7.2616,-96.4079);
﻿14.7530;(921.1155,1079.9065,221.0739);(0.0516,-7.3416,-97.9106);
﻿14.7960;(920.8148,1079.8657,221.0943);(-0.1368,-7.2326,-99.5187);
﻿14.8520;(920.2796,1079.8196,221.1594);(-0.4364,-7.0747,-102.7038);
﻿14.8940;(919.8668,1079.8076,221.1557);(-0.3530,-7.0679,-105.6770);
﻿14.9490;(919.3394,1079.8027,221.1454);(-0.4590,-7.1786,-109.7410);
﻿15.0040;(918.9243,1079.7995,221.1594);(-0.6485,-7.3244,-113.3777);
﻿15.0470;(918.6797,1079.7767,221.1745);(-0.9268,-7.2736,-115.9499);
﻿15.1020;(918.4306,1079.7058,221.2024);(-1.2737,-7.2074,-119.0512);
﻿15.1440;(918.3134,1079.6319,221.2260);(-1.4966,-7.2193,-121.2608);
﻿15.2000;(918.2351,1079.5362,221.2428);(-1.7630,-7.3847,-124.2338);
﻿15.2410;(918.2106,1079.4772,221.2722);(-1.9677,-7.5050,-126.4953);
﻿15.2970;(918.3158,1079.3869,221.3401);(-2.2930,-7.4775,-129.4991);
﻿15.3520;(918.4687,1079.2594,221.3999);(-2.5134,-7.2287,-132.5444);
﻿15.3940;(918.6470,1079.1109,221.4005);(-2.6201,-7.1322,-134.8059);
﻿15.4490;(918.9019,1078.8612,221.3799);(-2.7599,-7.0950,-137.8857);
