HEADER
﻿0.2470;(-443.1873,-30.6205,207.3351);(1.0876,50.2061,85.5693);
﻿0.3020;(-443.1711,-31.5556,207.2271);(0.9878,51.6955,88.3033);
﻿0.3430;(-443.1203,-32.1676,207.1784);(0.7416,52.4811,89.9342);
﻿0.3980;(-443.0072,-32.8450,207.0653);(0.3571,52.8754,91.7926);
﻿0.4540;(-442.8953,-33.4202,207.0057);(-0.1088,53.1113,93.4481);
﻿0.4950;(-442.8398,-33.7462,206.9322);(-0.5437,52.9700,94.3421);
﻿0.5510;(-442.8104,-34.0674,206.9021);(-0.6627,52.7174,95.3489);
﻿0.5930;(-442.8189,-34.2004,206.8557);(-0.6288,52.0147,95.8650);
﻿0.6490;(-442.8072,-34.2892,206.8342);(-0.7215,51.1825,95.9894);
﻿0.6910;(-442.7911,-34.3382,206.8130);(-1.1746,50.4251,95.5635);
﻿0.7460;(-442.7543,-34.3561,206.8264);(-1.8427,49.6838,94.7742);
﻿0.8020;(-442.7659,-34.3324,206.8105);(-2.3803,48.5292,93.8676);
﻿0.8430;(-442.8086,-34.3146,206.8076);(-2.5573,47.6945,93.0964);
﻿0.8990;(-442.8900,-34.2346,206.7907);(-2.7391,46.4067,91.9915);
﻿0.9410;(-442.9775,-34.1129,206.7565);(-2.6612,45.0993,91.2095);
﻿0.9960;(-443.1518,-33.9766,206.6944);(-2.3055,43.5888,90.5564);
﻿1.0520;(-443.4069,-33.8269,206.6387);(-1.6112,41.7882,90.3413);
﻿1.0950;(-443.6042,-33.7322,206.5817);(-1.0684,40.6278,90.3778);
﻿1.1500;(-443.8526,-33.5723,206.4391);(-0.6923,38.6524,90.2310);
﻿1.1920;(-444.0267,-33.4465,206.3212);(-0.3989,37.1942,90.0241);
﻿1.2480;(-444.2356,-33.2721,206.1269);(-0.3616,34.9580,89.4242);
﻿1.3030;(-444.4595,-33.0680,205.9126);(-0.1102,32.8300,88.8962);
﻿1.3440;(-444.6147,-32.8631,205.7797);(0.0935,31.0894,88.6086);
﻿1.4000;(-444.7789,-32.5656,205.5246);(0.3280,28.6637,88.1615);
﻿1.4420;(-444.8627,-32.2999,205.3051);(0.4972,26.2545,87.7321);
﻿1.4970;(-444.9289,-31.9916,204.9894);(0.6226,23.4806,87.1803);
﻿1.5530;(-444.9335,-31.6914,204.7000);(0.6434,20.6362,86.5327);
﻿1.5950;(-444.9021,-31.4774,204.4701);(0.5762,18.7869,85.9562);
﻿1.6510;(-444.7824,-31.1649,204.2263);(0.5199,16.2246,84.7112);
﻿1.6930;(-444.6774,-30.9281,203.9911);(0.5835,14.4827,83.8483);
﻿1.7480;(-444.5163,-30.6220,203.6669);(0.3850,11.8493,82.5294);
﻿1.7900;(-444.3563,-30.3881,203.3693);(0.3092,9.8937,81.5007);
﻿1.8460;(-444.1316,-30.0598,203.0597);(0.3123,7.3367,79.8570);
﻿1.9020;(-443.9243,-29.7449,202.7464);(0.5386,5.1554,78.4706);
﻿1.9430;(-443.7573,-29.4990,202.5460);(0.7108,3.5840,77.5183);
﻿1.9990;(-443.5534,-29.1595,202.2722);(0.8601,1.7654,76.4209);
﻿2.0410;(-443.3930,-28.8927,202.0966);(0.9634,0.4885,75.6980);
﻿2.0970;(-443.2187,-28.5237,201.8443);(1.0981,-1.2675,74.8788);
﻿2.1520;(-443.0424,-28.0923,201.6014);(1.3252,-3.0308,74.1486);
﻿2.1940;(-442.8533,-27.7579,201.4006);(1.3690,-4.2913,73.4014);
﻿2.2500;(-442.6154,-27.2827,201.1379);(1.5256,-6.1033,72.4103);
﻿2.2920;(-442.4319,-26.9375,200.9281);(1.5460,-7.4100,71.6529);
﻿2.3470;(-442.1923,-26.4779,200.6431);(1.6718,-9.1423,70.7556);
﻿2.4030;(-441.9639,-26.0504,200.3923);(1.7283,-10.6934,69.8649);
﻿2.4440;(-441.7670,-25.7401,200.2306);(1.8755,-11.5907,69.0125);
﻿2.5010;(-441.4966,-25.3353,200.0623);(2.2837,-12.5814,67.6715);
﻿2.5420;(-441.2838,-25.0486,199.9668);(2.6171,-13.0443,66.5622);
﻿2.5970;(-441.0047,-24.6707,199.8836);(2.8770,-13.5711,65.3477);
﻿2.6530;(-440.7499,-24.3194,199.8245);(3.0173,-13.8424,64.2562);
﻿2.6950;(-440.5234,-24.0934,199.7866);(3.0927,-13.9438,63.1957);
﻿2.7510;(-440.2264,-23.7858,199.7634);(3.2123,-13.9195,61.8805);
﻿2.7930;(-440.0211,-23.5662,199.7639);(3.1818,-13.9821,61.1093);
﻿2.8480;(-439.7450,-23.2583,199.7737);(3.1389,-13.8647,60.1652);
﻿2.9040;(-439.4811,-23.0098,199.7755);(3.1606,-13.9030,59.1140);
﻿2.9450;(-439.2729,-22.8563,199.7964);(3.1719,-13.7247,58.3192);
﻿3.0020;(-438.9455,-22.6950,199.8472);(3.0607,-13.5472,57.1735);
﻿3.0430;(-438.6770,-22.5989,199.8879);(2.9465,-13.2396,56.1680);
﻿3.1000;(-438.2227,-22.5862,199.9401);(2.9797,-12.8025,54.3057);
﻿3.1400;(-437.7768,-22.6760,200.0123);(2.6893,-12.3643,52.5720);
﻿3.1960;(-437.0363,-22.9337,200.1643);(2.3915,-11.3281,49.3093);
﻿3.2520;(-436.2185,-23.2715,200.2816);(2.0680,-10.2187,45.5290);
﻿3.2950;(-435.5115,-23.6423,200.3641);(1.6784,-9.5237,42.2818);
﻿3.3490;(-434.4280,-24.2484,200.4244);(1.1760,-8.5062,37.3623);
﻿3.3910;(-433.5631,-24.7884,200.3425);(0.5345,-8.2232,33.2437);
﻿3.4460;(-432.6154,-25.4617,200.1686);(0.3172,-8.5886,28.1850);
﻿3.5020;(-431.8968,-25.8892,200.0792);(-0.1676,-8.6312,25.0126);
﻿3.5450;(-431.4787,-26.0779,200.0889);(-0.5159,-8.4093,23.1703);
﻿3.6000;(-431.0200,-26.2235,200.2036);(-0.6622,-8.2618,21.0760);
﻿3.6410;(-430.7652,-26.1805,200.2723);(-0.4880,-8.1530,19.7471);
﻿3.6970;(-430.5325,-25.9726,200.3192);(-0.3409,-7.7479,18.1544);
﻿3.7520;(-430.5379,-25.5362,200.3762);(-0.3675,-7.8447,17.1372);
﻿3.7940;(-430.6686,-25.0886,200.4708);(-0.1491,-8.2608,16.5822);
﻿3.8500;(-431.0076,-24.3941,200.5890);(-0.0633,-8.3330,16.2860);
﻿3.8920;(-431.3723,-23.8439,200.5866);(-0.1240,-7.9809,15.8082);
﻿3.9480;(-431.9261,-23.0111,200.6592);(-0.1602,-8.0712,15.2794);
﻿4.0030;(-432.5819,-22.2781,200.7155);(0.1493,-8.8364,14.8825);
﻿4.0460;(-433.1234,-21.7998,200.7248);(0.2863,-9.5494,14.4785);
﻿4.1010;(-433.8939,-21.2045,200.6152);(0.5514,-9.8901,13.8299);
﻿4.1420;(-434.4345,-20.7572,200.5612);(0.2755,-10.0582,13.4454);
﻿4.1990;(-435.1333,-20.1814,200.4592);(0.3282,-10.2280,12.9330);
﻿4.2400;(-435.6024,-19.7966,200.4144);(0.5605,-10.2451,12.7002);
﻿4.2970;(-436.1936,-19.2796,200.3692);(0.5096,-10.2979,12.3820);
﻿4.3520;(-436.6981,-18.8088,200.3420);(0.8793,-10.4437,12.5615);
﻿4.3940;(-437.0136,-18.5616,200.3728);(0.7426,-10.0520,12.6706);
﻿4.4480;(-437.4132,-18.3603,200.3253);(1.0378,-9.9913,12.8620);
﻿4.4910;(-437.6512,-18.3354,200.2935);(1.1217,-9.9369,12.9884);
﻿4.5460;(-437.8809,-18.4158,200.2427);(1.1354,-9.7040,13.2296);
﻿4.6030;(-438.0015,-18.6276,200.2520);(1.2763,-9.6421,13.5959);
﻿4.6440;(-438.0216,-18.8645,200.2860);(1.3417,-9.4752,13.7499);
﻿4.7000;(-437.9234,-19.2534,200.4427);(1.4310,-9.5048,13.9032);
﻿4.7410;(-437.8394,-19.5793,200.4916);(1.2985,-9.4002,13.9150);
﻿4.7970;(-437.7152,-20.0218,200.4500);(1.0989,-9.4068,13.8549);
﻿4.8530;(-437.6291,-20.4688,200.3437);(0.9612,-9.6502,13.4368);
﻿4.8950;(-437.6353,-20.8168,200.2692);(1.1131,-10.1863,13.2056);
﻿4.9500;(-437.6563,-21.2610,200.3050);(1.0872,-10.0896,12.8533);
﻿4.9920;(-437.6636,-21.5519,200.3485);(0.9311,-9.6615,12.6118);
﻿5.0470;(-437.6629,-21.8808,200.3726);(0.8034,-9.3190,12.4257);
﻿5.1040;(-437.6239,-22.1527,200.3923);(0.6714,-9.2313,12.2561);
﻿5.1450;(-437.5635,-22.3098,200.3817);(0.6050,-9.1641,12.1796);
﻿5.2010;(-437.4694,-22.4853,200.3643);(0.5962,-9.1969,12.0232);
﻿5.2430;(-437.3861,-22.5837,200.3357);(0.6384,-9.3589,12.0433);
﻿5.2980;(-437.2670,-22.6983,200.3262);(0.6438,-9.4137,12.0102);
﻿5.3400;(-437.1854,-22.7727,200.2843);(0.6402,-9.5317,12.0242);
﻿5.3950;(-437.0592,-22.8505,200.2676);(0.5782,-9.6123,12.0010);
﻿5.4510;(-436.9471,-22.9101,200.2337);(0.5645,-9.7544,12.0022);
﻿5.4930;(-436.8575,-22.9253,200.2402);(0.5044,-9.7439,11.9676);
﻿5.5480;(-436.7456,-22.9244,200.2403);(0.4734,-9.8071,11.9713);
﻿5.5900;(-436.6576,-22.9155,200.2419);(0.4247,-9.7347,11.9406);
﻿5.6470;(-436.5227,-22.8578,200.2369);(0.4291,-9.7634,11.9320);
﻿5.7020;(-422.9569,-19.2167,200.2266);(0.5055,-9.7745,11.8981);
﻿5.7430;(-402.6654,-13.7987,200.2301);(0.5211,-9.8037,11.8768);
﻿5.8000;(-375.5286,-6.5408,200.2289);(0.4652,-9.8089,11.8875);
﻿5.8420;(-354.9458,-1.0324,200.2222);(0.5015,-9.9043,11.9536);
﻿5.8970;(-328.1279,6.1515,200.2230);(0.4781,-9.9397,12.0795);
﻿5.9530;(-300.9286,13.4218,200.2009);(0.4689,-10.1293,12.2421);
﻿5.9940;(-280.5111,18.8858,200.1855);(0.4805,-10.2310,12.3032);
﻿6.0510;(-253.3745,26.1240,200.1800);(0.4040,-10.3552,12.3677);
﻿6.0920;(-232.9886,31.5564,200.1654);(0.3886,-10.3336,12.4108);
﻿6.1480;(-205.9551,38.7717,200.1676);(0.3499,-10.3793,12.4654);
﻿6.2030;(-178.9672,45.9600,200.1306);(0.3731,-10.4938,12.5609);
﻿6.2460;(-158.5834,51.3705,200.1198);(0.3665,-10.5850,12.6059);
﻿6.3010;(-131.6402,58.5480,200.0915);(0.3733,-10.6688,12.6518);
﻿6.3430;(-111.3657,63.9627,200.0938);(0.3574,-10.7487,12.8070);
﻿6.3990;(-84.4330,71.1804,200.1057);(0.4360,-10.7475,13.4370);
﻿6.4400;(-64.3816,76.6618,200.1317);(0.4693,-10.6228,14.4107);
﻿6.4950;(-37.5915,84.0210,200.1888);(0.4433,-10.3260,16.4622);
﻿6.5520;(-10.8295,91.4284,200.2522);(0.3123,-9.9593,19.1524);
﻿6.5940;(9.2679,97.0053,200.3184);(0.1450,-9.7314,21.4718);
﻿6.6490;(35.8764,104.4501,200.3974);(-0.0628,-9.2347,24.9796);
﻿6.6910;(55.8833,110.0401,200.4629);(-0.1573,-8.9049,27.8855);
﻿6.7470;(82.3681,117.4701,200.5890);(-0.3883,-8.3176,32.2922);
﻿6.8020;(108.7821,124.8255,200.7808);(-0.7211,-7.4418,36.8157);
﻿6.8450;(128.6674,130.2993,200.9357);(-1.0015,-6.5189,40.2143);
﻿6.9000;(154.8753,137.4488,201.2145);(-1.3177,-4.9976,44.5075);
﻿6.9420;(174.6449,142.7957,201.6214);(-1.4804,-2.8823,47.7603);
﻿6.9970;(200.8689,149.8121,202.1946);(-1.4283,0.5997,52.1632);
﻿7.0530;(226.7229,156.5963,202.8010);(-1.5283,4.3450,56.6948);
﻿7.0950;(246.2524,161.7009,203.2648);(-1.4316,7.2553,60.2696);
﻿7.1500;(272.3436,168.4608,203.8238);(-1.0047,10.8964,64.6634);
﻿7.1920;(291.9158,173.5355,204.1494);(-0.4684,13.0117,67.8930);
﻿7.2480;(318.0391,180.2827,204.5339);(0.4361,15.7904,72.2497);
﻿7.3040;(344.3136,187.0848,204.7940);(1.3121,17.8929,76.3474);
﻿7.3450;(363.9284,192.1443,204.9533);(1.9801,19.3122,79.3599);
﻿7.4020;(390.0895,198.8975,205.1223);(2.7388,21.1148,83.0757);
﻿7.4420;(409.7289,203.9703,205.2142);(3.3556,22.0354,85.4463);
﻿7.4980;(436.0348,210.8587,205.2679);(4.1309,23.0086,88.2914);
﻿7.5400;(455.8949,216.1728,205.2489);(4.6224,23.0789,90.2469);
﻿7.5960;(482.2632,223.5373,204.9705);(5.1802,20.9555,92.6146);
﻿7.6520;(508.5467,231.3548,204.1435);(5.4437,14.9537,94.9452);
﻿7.6930;(528.4138,237.5018,203.2087);(5.1522,8.3186,96.5724);
﻿7.7490;(554.7850,245.7819,201.7089);(4.5873,-1.2917,99.1286);
﻿7.7910;(574.5714,251.9721,200.5039);(3.5273,-8.4549,101.3104);
﻿7.8470;(600.9125,260.0677,198.6561);(2.0286,-17.6618,104.4384);
﻿7.9020;(627.2207,268.1326,197.1702);(0.5239,-25.0707,107.8391);
﻿7.9430;(642.2134,272.8157,196.0066);(-0.8476,-29.5886,110.5240);
﻿8.0000;(641.6993,273.5218,194.6506);(-3.0071,-34.9528,114.2402);
﻿8.0420;(641.3685,274.0167,193.7046);(-4.4966,-38.1121,116.6385);
﻿8.0960;(640.9929,274.5339,192.6095);(-6.4428,-41.8942,119.7968);
﻿8.1520;(640.7211,275.0231,191.8348);(-8.1435,-44.5650,121.8542);
﻿8.1940;(640.6355,275.4165,191.5128);(-8.7073,-45.8532,122.2641);
﻿8.2510;(640.5262,275.9363,191.2305);(-8.5096,-46.4441,121.6189);
﻿8.2920;(640.4580,276.2622,191.0853);(-8.1791,-46.8519,120.9545);
﻿8.3480;(640.4479,276.6687,190.9599);(-7.9899,-47.3055,119.8479);
﻿8.4040;(640.7817,277.1457,190.8405);(-7.1808,-47.1963,116.4041);
﻿8.4450;(641.4069,277.5571,190.9157);(-4.9956,-47.3101,110.8663);
﻿8.5010;(642.5517,278.0496,191.0056);(-1.3790,-46.6440,101.0494);
﻿8.5420;(643.6537,278.2891,191.1346);(1.8170,-45.9962,92.2315);
﻿8.5980;(645.3570,278.3578,191.2915);(5.9586,-44.7427,79.5738);
﻿8.6390;(646.7920,278.1323,191.3962);(8.6941,-43.4505,69.2468);
﻿8.6960;(648.5080,277.5644,191.5832);(11.2327,-42.3508,57.1491);
﻿8.7510;(649.9057,276.7728,191.6983);(12.5608,-41.7316,47.2533);
﻿8.7930;(650.6983,276.1658,191.7845);(12.3726,-41.3531,41.7884);
﻿8.8480;(651.4694,275.3734,192.0189);(10.9055,-40.9668,36.6740);
﻿8.8900;(651.9594,274.8531,192.2766);(8.8915,-40.0156,34.3121);
﻿8.9450;(652.3943,274.2016,192.5063);(6.5770,-39.4687,32.2899);
﻿9.0020;(652.8350,273.6362,192.6782);(4.5482,-39.0355,30.8194);
﻿9.0430;(653.1313,273.2146,192.6727);(3.4705,-38.9751,29.9927);
﻿9.0990;(653.5075,272.6798,192.6285);(2.5342,-39.1963,28.7772);
﻿9.1410;(653.7731,272.3012,192.5415);(2.2733,-39.6775,28.0082);
﻿9.1970;(654.1943,271.8596,192.4371);(2.2716,-40.5083,27.3190);
﻿9.2520;(654.7505,271.4552,192.2113);(2.0442,-41.2880,27.3480);
﻿9.2940;(655.2195,271.1842,191.8991);(1.7060,-42.2897,27.4767);
﻿9.3500;(655.8741,270.8496,191.3275);(1.4205,-44.5484,27.7691);
﻿9.3920;(656.3977,270.6362,190.7983);(0.8846,-46.4425,28.0758);
﻿9.4470;(657.1280,270.4788,190.1514);(0.2631,-48.9689,28.2739);
﻿9.5030;(657.9072,270.3949,189.6610);(-0.1796,-50.8259,28.0636);
﻿9.5440;(658.4574,270.3680,189.3819);(-0.1672,-51.9876,27.6865);
﻿9.6000;(659.1173,270.4664,189.1189);(0.2453,-52.9407,27.0486);
﻿9.6420;(659.5562,270.5727,188.9310);(0.8160,-53.3605,26.5602);
﻿9.6970;(660.0133,270.7719,188.6413);(1.3550,-54.1525,26.4457);
﻿9.7530;(660.3316,271.0228,188.3530);(1.3895,-55.1652,26.9738);
﻿9.7950;(660.5488,271.2221,188.1811);(1.2710,-55.7571,27.6531);
﻿9.8510;(660.7837,271.4670,188.0453);(1.1335,-56.3139,28.4895);
﻿9.8920;(660.9338,271.6320,187.9899);(1.0020,-56.5776,29.0434);
﻿9.9480;(661.1207,271.8118,187.9289);(0.8153,-56.7651,29.7033);
﻿9.9900;(661.2075,271.8977,187.8900);(0.7195,-56.9125,30.0635);
﻿10.0460;(667.0665,275.9161,187.8999);(0.6584,-57.0677,30.3178);
﻿10.1020;(690.0834,291.7684,188.0231);(0.5172,-56.6408,30.5445);
﻿10.1430;(707.3995,303.7008,188.1381);(0.2903,-56.2445,30.8230);
﻿10.2010;(730.8161,319.8415,188.2527);(0.0440,-55.8700,31.1400);
﻿10.2410;(731.3398,320.1977,188.3043);(-0.1593,-55.7709,31.3538);
﻿10.2970;(731.3417,320.2394,188.2977);(-0.4326,-55.7626,31.5853);
﻿10.3520;(731.3437,320.2956,188.2624);(-0.4816,-55.8633,31.4127);
﻿10.3930;(731.3166,320.3398,188.2338);(-0.4033,-56.0183,31.1771);
﻿10.4490;(731.2943,320.3824,188.2376);(0.2511,-55.9467,30.2792);
﻿10.4900;(731.2743,320.4425,188.2542);(0.6620,-55.8206,29.5963);
﻿10.5470;(731.2395,320.5285,188.2496);(0.8914,-55.8128,28.7073);
﻿10.6020;(731.1866,320.6683,188.2428);(0.6799,-55.8647,27.8969);
﻿10.6440;(731.1211,320.7924,188.2305);(0.7880,-55.7848,26.9044);
﻿10.7000;(730.9923,320.9707,188.1928);(0.9419,-55.7793,25.4168);
﻿10.7420;(730.8636,321.0982,188.1768);(1.5716,-55.7060,24.0764);
﻿10.7970;(730.6798,321.3086,188.1843);(2.3426,-55.5588,22.4953);
﻿10.8530;(730.5445,321.4900,188.2278);(3.3851,-55.3105,21.1792);
﻿10.8950;(730.5252,321.5855,188.2617);(3.8967,-54.9927,20.3249);
﻿10.9500;(730.5223,321.6395,188.3026);(4.1310,-54.7298,19.4090);
﻿10.9920;(730.4470,321.4650,188.3321);(4.1205,-54.7615,18.6133);
﻿11.0480;(730.2813,321.1620,188.4555);(4.5017,-54.3063,17.1143);
﻿11.1040;(730.1076,320.6797,188.6714);(5.1234,-53.2888,15.8299);
﻿11.1450;(729.9247,320.1444,188.9448);(5.5979,-52.5853,14.8723);
﻿11.2010;(729.6891,319.1923,189.4455);(5.5831,-51.2161,13.4538);
﻿11.2430;(729.5647,318.2721,189.8819);(5.4126,-49.6674,11.9590);
﻿11.2990;(729.3745,316.7852,190.4520);(5.2238,-47.5541,9.3087);
﻿11.3400;(729.2053,315.4586,190.8838);(5.1677,-45.8188,6.2896);
﻿11.3960;(728.9095,313.4292,191.7053);(5.3820,-42.5283,0.0895);
﻿11.4520;(728.3491,311.2098,192.7574);(6.2032,-37.9299,-8.6283);
﻿11.4940;(727.6439,309.6955,193.5778);(6.1860,-35.0585,-15.2166);
﻿11.5490;(726.4206,308.0585,194.5858);(5.8582,-31.7691,-23.1800);
﻿11.5910;(725.4321,307.1919,195.2034);(5.0337,-29.2533,-28.3296);
﻿11.6470;(724.0004,306.3428,195.9527);(3.8421,-26.5361,-35.0617);
﻿11.7020;(722.4781,305.8312,196.6201);(2.7767,-24.3574,-41.3759);
﻿11.7440;(721.3123,305.6688,197.0344);(2.3383,-22.9694,-45.9024);
﻿11.8000;(719.8707,305.7575,197.3104);(1.9803,-21.1285,-50.9558);
﻿11.8420;(718.7390,305.9560,197.3536);(2.2719,-20.3034,-54.7377);
﻿11.8970;(717.2723,306.3774,197.4454);(1.7919,-19.5390,-59.1472);
﻿11.9530;(715.8335,306.8551,197.5362);(1.8353,-18.6683,-63.8855);
﻿11.9950;(714.8181,307.2528,197.5834);(1.8794,-18.0545,-67.1001);
﻿12.0500;(713.6603,307.8154,197.6011);(1.7851,-17.6982,-70.5740);
﻿12.0920;(712.8559,308.2164,197.6194);(1.7271,-17.4424,-72.8889);
﻿12.1480;(711.8694,308.6592,197.7329);(1.4272,-17.1029,-75.4534);
﻿12.2040;(711.0450,308.9278,197.9207);(0.7026,-16.0507,-76.7769);
﻿12.2450;(710.4116,308.9347,198.0227);(0.1925,-14.9902,-77.6304);
﻿12.3010;(709.5583,308.7365,198.1361);(-0.3320,-14.8075,-78.8771);
﻿12.3430;(708.9116,308.4545,198.1702);(-0.4102,-15.0748,-79.7475);
﻿12.3980;(708.0578,307.9878,198.1942);(-0.7179,-15.3848,-80.8970);
﻿12.4400;(707.4484,307.5927,198.0986);(-1.3170,-15.4495,-81.6486);
﻿12.4960;(706.7488,307.0984,198.2117);(-1.8702,-15.8006,-82.5437);
﻿12.5520;(706.1726,306.6227,198.3755);(-2.0168,-16.0598,-83.3233);
﻿12.5930;(705.8262,306.2735,198.4106);(-2.2122,-15.9301,-83.8606);
﻿12.6490;(705.4488,305.9195,198.3255);(-2.2558,-16.1659,-84.3030);
﻿12.6910;(705.2411,305.7151,198.2622);(-2.1591,-16.5749,-84.5547);
﻿12.7460;(705.0610,305.5022,198.2936);(-2.3334,-16.9407,-84.6060);
﻿12.8020;(704.9390,305.3542,198.3501);(-2.3503,-16.9538,-84.7555);
﻿12.8440;(704.8987,305.2548,198.4002);(-2.3200,-16.8336,-84.9403);
﻿12.8990;(704.8970,305.1776,198.4159);(-2.1238,-16.9752,-84.8175);
﻿12.9410;(705.9335,298.5136,198.4490);(-2.0097,-16.8447,-84.7207);
﻿12.9970;(710.1950,271.0419,198.4718);(-1.9533,-16.6781,-84.3091);
﻿13.0520;(714.4207,243.5368,198.5310);(-1.8198,-16.2304,-83.9930);
﻿13.0940;(717.5827,222.9030,198.5466);(-1.7750,-16.0966,-83.6598);
﻿13.1500;(721.7475,195.4490,198.5714);(-1.6336,-15.8010,-83.2996);
﻿13.1920;(724.8960,174.7672,198.5485);(-1.5145,-15.8339,-82.9066);
﻿13.2480;(729.0844,146.9632,198.4453);(-1.3649,-16.1022,-82.5283);
﻿13.3040;(733.2246,119.5051,198.3350);(-1.1948,-16.5511,-82.1048);
﻿13.3450;(736.3644,98.7191,198.3011);(-1.0110,-16.6248,-81.9565);
﻿13.4020;(740.6006,71.0550,198.2516);(-1.0234,-16.8842,-81.4738);
﻿13.4420;(743.7880,50.4232,198.2549);(-0.9993,-16.8201,-81.1564);
﻿13.4990;(748.0685,23.0767,198.2169);(-1.0369,-16.9496,-80.6021);
﻿13.5540;(752.4399,-4.5750,198.1522);(-0.9537,-17.0964,-80.0960);
﻿13.5950;(755.7966,-25.4089,198.0993);(-0.7408,-17.3133,-79.6829);
﻿13.6520;(760.2795,-53.0210,198.0173);(-0.6280,-17.4221,-78.9656);
﻿13.6930;(763.6805,-73.7574,197.9571);(-0.3990,-17.6559,-78.3621);
﻿13.7490;(768.2114,-101.4765,197.9174);(-0.3494,-17.8473,-77.6498);
﻿13.7910;(771.6342,-122.4139,197.8895);(-0.1472,-18.1271,-77.1404);
﻿13.8470;(776.1272,-149.8325,197.8741);(-0.0810,-18.1417,-76.5989);
﻿13.9020;(780.6765,-177.6344,197.8068);(0.1746,-18.5494,-75.9863);
﻿13.9450;(784.1074,-198.5273,197.7488);(0.3206,-18.7372,-75.4770);
﻿14.0000;(788.6241,-226.1426,197.6583);(0.6313,-19.2465,-74.7315);
﻿14.0420;(792.0497,-247.1279,197.5691);(0.8764,-19.6291,-74.1987);
﻿14.0980;(793.1486,-252.6218,197.5011);(1.1036,-20.0164,-73.3555);
﻿14.1530;(793.4132,-252.8591,197.4057);(1.3417,-20.5363,-72.6252);
﻿14.1940;(793.5897,-253.0466,197.3186);(1.5024,-20.9884,-72.0851);
﻿14.2500;(793.8043,-253.3155,197.2237);(1.7396,-21.4001,-71.4208);
﻿14.2920;(793.9429,-253.5052,197.1274);(1.9227,-21.8094,-70.9585);
﻿14.3480;(794.0764,-253.7512,197.0054);(1.9807,-22.5420,-70.3770);
﻿14.4030;(794.1565,-254.0090,196.8649);(2.1993,-23.1702,-69.9845);
﻿14.4440;(794.1870,-254.1896,196.7354);(2.1645,-23.7979,-69.9247);
﻿14.5010;(794.1681,-254.4074,196.5363);(2.2252,-24.7306,-70.0503);
﻿14.5420;(794.1471,-254.5246,196.4136);(2.2102,-25.4073,-70.2183);
﻿14.5980;(794.0658,-254.6189,196.2520);(2.1089,-26.1432,-70.4738);
﻿14.6390;(793.9974,-254.6632,196.1636);(1.9575,-26.5369,-70.7056);
﻿14.6960;(793.9178,-254.6337,196.0322);(1.6760,-26.9401,-71.1464);
﻿14.7510;(793.8284,-254.5331,195.8887);(1.3833,-27.4405,-71.8859);
﻿14.7930;(793.8184,-254.4463,195.7925);(1.2551,-27.8623,-72.3894);
﻿14.8480;(793.8714,-254.2852,195.6541);(1.1260,-28.3711,-73.0274);
﻿14.8900;(794.0019,-254.2035,195.5692);(1.1382,-28.6784,-73.3197);
﻿14.9460;(794.2681,-254.1570,195.4134);(1.5140,-29.2882,-73.0922);
﻿15.0010;(794.5879,-254.1613,195.1913);(1.4515,-29.6812,-73.2081);
﻿15.0430;(794.8054,-254.1760,195.0422);(1.5807,-30.4951,-73.2762);
﻿15.1000;(795.0230,-254.2998,194.9121);(1.7061,-30.7119,-73.6771);
﻿15.1420;(795.0789,-254.3994,194.8332);(1.5979,-31.0608,-74.0863);
﻿15.1970;(795.0339,-254.5848,194.7162);(1.3756,-31.3284,-75.0370);
﻿15.2520;(794.8657,-254.7816,194.5803);(1.3742,-31.6865,-76.7773);
﻿15.2940;(794.7277,-254.9124,194.4900);(1.4803,-32.1001,-78.1949);
﻿15.3500;(794.6092,-255.1095,194.4163);(1.8798,-32.4454,-79.8402);
﻿15.3920;(794.5699,-255.2544,194.3821);(2.0856,-32.6456,-80.7578);
﻿15.4470;(794.6023,-255.4867,194.3086);(2.4568,-32.9004,-81.7549);
﻿15.5030;(794.6839,-255.7182,194.1685);(2.7614,-33.4092,-82.4025);
﻿15.5450;(794.7239,-255.8573,194.0105);(3.1742,-33.9421,-82.9730);
﻿15.6010;(794.7448,-256.0208,193.7847);(3.4881,-34.7761,-83.7937);
﻿15.6420;(794.7541,-256.1560,193.6433);(3.7362,-35.1943,-84.3979);
﻿15.6980;(794.7656,-256.3373,193.5054);(3.9296,-35.6305,-85.0524);
﻿15.7530;(794.8182,-256.5275,193.4118);(4.1766,-35.8639,-85.3655);
﻿15.7950;(794.8956,-256.6216,193.4024);(4.5053,-36.0838,-85.3415);
﻿15.8510;(795.1361,-256.7935,193.4671);(4.7884,-36.0465,-84.5947);
﻿15.8920;(795.4824,-256.9226,193.5560);(5.1228,-35.8121,-83.2867);
﻿15.9480;(796.2030,-257.0644,193.6328);(5.2251,-36.1178,-80.2994);
﻿15.9900;(796.9932,-257.1677,193.6899);(5.1841,-36.2077,-77.2568);
﻿16.0450;(798.4171,-257.0920,193.6816);(5.3060,-36.8833,-71.6733);
﻿16.1010;(800.1910,-256.7173,193.6181);(5.3733,-37.5809,-64.4328);
﻿16.1430;(801.6286,-256.1530,193.6011);(4.7816,-38.0406,-57.8736);
﻿16.1980;(803.5213,-255.0331,193.5709);(3.2004,-37.9008,-47.7211);
﻿16.2400;(804.8108,-253.9985,193.5753);(1.6232,-37.2439,-39.2905);
﻿16.2970;(806.2575,-252.5444,193.7360);(-0.1690,-36.4465,-27.2861);
﻿16.3530;(807.2500,-251.1012,194.1421);(-2.1442,-35.4009,-15.0297);
﻿16.3950;(807.8119,-250.1268,194.6346);(-3.2713,-34.1928,-6.0776);
﻿16.4500;(808.3935,-248.8085,195.2153);(-3.5187,-31.1072,5.9336);
﻿16.4910;(808.6578,-247.6843,195.5099);(-3.1984,-28.4708,16.0396);
﻿16.5460;(808.5508,-246.3569,195.7821);(-2.6293,-26.7063,30.0092);
﻿16.6020;(807.9246,-245.2774,196.1651);(-2.4712,-26.4660,44.3494);
﻿16.6430;(807.2181,-244.7595,196.4052);(-3.2658,-25.8624,54.4348);
﻿16.6990;(805.8230,-244.0802,196.7663);(-4.6573,-24.0763,67.4040);
﻿16.7420;(804.4946,-243.8111,197.0429);(-5.5310,-23.4360,76.6151);
﻿16.7970;(802.3266,-243.7509,197.4640);(-6.0712,-22.0189,88.1831);
﻿16.8530;(799.9950,-244.0343,197.6983);(-5.5710,-20.3620,98.2631);
﻿16.8940;(798.3269,-244.4853,197.8413);(-5.3854,-19.6221,105.2200);
﻿16.9510;(796.1017,-245.2005,198.1223);(-4.6281,-18.3412,114.4171);
﻿16.9920;(794.5832,-245.7728,198.3199);(-3.9130,-17.3194,120.8777);
﻿17.0480;(792.8139,-246.5539,198.5545);(-2.9100,-16.0585,128.6332);
﻿17.1030;(791.2294,-247.3414,198.7288);(-2.4277,-15.2746,134.9991);
﻿17.1450;(790.1011,-247.7348,198.9245);(-1.6679,-14.6614,139.3186);
﻿17.2010;(788.7401,-248.3349,199.0928);(-1.3201,-13.8997,143.7898);
﻿17.2420;(787.7186,-248.7014,199.0897);(-0.8131,-13.0865,146.8733);
﻿17.2980;(786.5067,-249.0375,199.0920);(-0.0083,-12.4319,150.1146);
﻿17.3400;(785.6713,-249.1504,199.0513);(0.1409,-12.3248,152.0350);
﻿17.3960;(784.6938,-249.1973,198.9880);(-0.2670,-12.2181,154.0003);
﻿17.4520;(783.9050,-249.1305,198.8223);(-0.3236,-11.9224,155.1452);
﻿17.4920;(783.4894,-249.0667,198.8148);(-0.5883,-12.1646,155.9608);
﻿17.5490;(783.2240,-249.0003,198.9192);(-1.2567,-12.8658,157.1787);
﻿17.5910;(783.1382,-248.8956,199.0201);(-1.6902,-12.6841,157.6762);
﻿17.6460;(783.1443,-248.8473,199.0842);(-1.5437,-12.3956,158.4304);
﻿17.7020;(783.3163,-248.8263,199.0638);(-1.4969,-12.6495,159.2076);
﻿17.7430;(783.4947,-248.7914,199.0790);(-1.3227,-13.0914,159.5820);
﻿17.8000;(783.7625,-248.8084,199.1920);(-1.4975,-13.5209,160.1109);
﻿17.8410;(783.9313,-248.8428,199.2649);(-1.1155,-13.4258,160.3865);
﻿17.8970;(784.2273,-248.9157,199.3053);(-0.6955,-13.3121,160.7782);
﻿17.9520;(784.5791,-249.0479,199.2553);(-0.4549,-13.6707,161.1640);
﻿17.9950;(784.8761,-249.1836,199.2077);(-0.3269,-14.2347,161.4314);
﻿18.0490;(785.3769,-249.3607,199.1543);(-0.0570,-14.4554,161.9746);
﻿18.0920;(785.8172,-249.4941,199.1288);(0.1624,-14.5530,162.3164);
﻿18.1470;(786.5425,-249.6382,199.0940);(0.4677,-14.6524,162.7346);
﻿18.2030;(787.3724,-249.7509,199.0789);(0.5127,-14.4090,163.4132);
﻿18.2440;(788.0463,-249.8182,199.0533);(0.5500,-14.2269,163.9282);
﻿18.3010;(789.0069,-249.8809,198.9703);(0.3801,-14.0761,164.2081);
﻿18.3430;(789.7300,-249.9429,198.9439);(0.2899,-13.9917,164.1525);
﻿18.3980;(790.6342,-250.0593,199.0227);(0.3408,-13.7296,164.2685);
﻿18.4530;(791.4587,-250.1715,199.1256);(0.3264,-13.1625,164.3577);
﻿18.4950;(792.0322,-250.2487,199.1913);(0.3496,-12.7059,164.2996);
﻿18.5520;(792.7354,-250.4030,199.2573);(0.5380,-12.2372,164.0997);
﻿18.5930;(793.2194,-250.5229,199.2765);(0.5838,-11.9662,164.0042);
﻿18.6480;(793.7841,-250.7360,199.2784);(0.5605,-11.7233,163.9131);
﻿18.6910;(794.1589,-250.8819,199.2844);(0.5054,-11.6871,163.8503);
﻿18.7460;(794.5897,-251.0710,199.2637);(0.4460,-11.6068,163.7366);
﻿18.8030;(794.9603,-251.2736,199.2466);(0.4762,-11.6484,163.5862);
﻿18.8430;(795.1887,-251.4185,199.2371);(0.4705,-11.6262,163.4991);
﻿18.9000;(795.4201,-251.6171,199.2512);(0.5339,-11.6057,163.4314);
﻿18.9410;(775.1131,-248.2243,199.2415);(0.6668,-11.7267,163.2762);
﻿18.9970;(747.7655,-243.6528,199.2470);(0.6810,-11.7771,163.1343);
﻿19.0520;(720.5124,-239.0657,199.2279);(0.7471,-11.8039,162.9423);
﻿19.0940;(699.9552,-235.5718,199.2043);(0.8198,-11.8840,162.7304);
﻿19.1500;(672.4788,-230.8101,199.1684);(0.6394,-12.1397,162.2313);
﻿19.1920;(651.7558,-227.0026,199.1036);(0.2956,-12.4031,161.5976);
﻿19.2480;(624.1249,-221.7711,199.0082);(-0.5863,-13.0733,160.0564);
﻿19.3040;(596.5025,-216.2630,198.8636);(-1.8183,-14.1356,157.4533);
﻿19.3450;(575.6924,-211.9034,198.6446);(-2.7716,-15.3876,154.6560);
﻿19.4010;(548.0137,-205.7642,198.0310);(-4.1845,-18.4501,149.0609);
﻿19.4430;(527.5948,-201.0475,197.3049);(-5.1571,-22.1342,143.0731);
﻿19.4980;(500.4224,-194.7002,196.1322);(-5.7378,-27.8288,133.4880);
﻿19.5540;(473.4610,-188.5299,194.7180);(-5.3627,-33.8179,122.4901);
﻿19.5950;(453.2905,-184.1852,193.5648);(-4.3011,-38.4380,113.8759);
﻿19.6510;(426.3895,-178.7068,192.2949);(-2.2284,-43.0921,103.2928);
﻿19.6930;(405.9269,-174.7977,191.5436);(-0.5553,-45.2236,96.4891);
﻿19.7480;(378.7189,-169.9825,191.0003);(1.5303,-47.3409,89.1741);
﻿19.7910;(357.9011,-166.4489,190.9217);(2.4391,-47.6122,85.3911);
﻿19.8460;(329.9665,-161.7630,191.0053);(2.6598,-46.8925,81.9897);
﻿19.9030;(301.8476,-157.1626,191.0400);(2.3056,-46.5535,80.2635);
﻿19.9430;(280.6160,-153.6576,191.0363);(1.6468,-46.6577,79.6660);
﻿19.9990;(252.4143,-148.8507,191.0162);(1.1032,-46.1422,79.2411);
﻿20.0420;(231.1717,-145.2381,190.9384);(0.5521,-46.0486,78.9013);
﻿20.0970;(203.1384,-140.3347,190.8632);(0.1867,-45.7953,78.4973);
﻿20.1530;(175.2301,-135.3941,190.8355);(-0.0454,-46.0883,77.8262);
﻿20.1940;(154.3158,-131.6306,190.9580);(0.0938,-45.2400,77.1353);
﻿20.2500;(126.7208,-126.6184,191.4412);(0.5642,-43.5867,76.3886);
﻿20.2920;(106.0293,-122.8549,191.9631);(1.0340,-41.6973,76.3101);
﻿20.3470;(78.7053,-117.8126,192.8405);(1.3794,-38.5994,76.5404);
﻿20.4030;(51.1359,-112.6391,193.8328);(1.7826,-34.5826,77.3437);
﻿20.4450;(30.8170,-108.8233,194.6345);(1.8127,-31.1961,78.4724);
﻿20.5010;(3.7109,-103.6710,195.8660);(1.9763,-25.8712,81.1356);
﻿20.5420;(-16.7696,-99.8224,196.8144);(2.1529,-21.3354,84.0576);
﻿20.5980;(-43.4418,-94.8748,198.0529);(1.2884,-16.0464,88.4890);
﻿20.6540;(-69.9653,-89.8938,199.1885);(0.7099,-11.6145,92.3479);
﻿20.6950;(-89.6460,-86.1979,199.9056);(0.7535,-8.2547,94.4820);
﻿20.7520;(-115.7717,-81.2326,200.6702);(0.4846,-4.8450,97.0973);
﻿20.7940;(-135.1614,-77.5438,201.1991);(0.3889,-2.8225,98.7218);
﻿20.8480;(-161.0761,-72.5388,201.7893);(0.6368,-0.1848,101.0375);
﻿20.8910;(-180.6555,-68.8144,202.2192);(0.7567,2.0719,103.1684);
﻿20.9470;(-206.5624,-63.8289,202.4783);(0.4775,3.7059,105.6346);
﻿21.0020;(-232.6785,-58.7603,202.7083);(0.5400,5.0528,107.9975);
﻿21.0440;(-252.5667,-54.9052,202.6459);(0.5227,5.1999,109.6690);
﻿21.0990;(-278.5668,-49.7859,202.4577);(0.3086,4.0133,112.1441);
﻿21.1410;(-298.5023,-45.8981,202.2220);(0.1526,2.5114,114.5198);
﻿21.1970;(-313.0579,-42.9505,201.9483);(-0.0828,0.9562,118.3376);
﻿21.2530;(-312.7917,-42.7581,201.7260);(-0.1672,-0.1191,122.9113);
﻿21.2950;(-312.7726,-42.7913,201.6200);(-0.1848,-0.8508,126.8980);
﻿21.3500;(-312.8116,-43.0550,201.4251);(-0.4465,-1.8954,131.8249);
﻿21.3920;(-312.9515,-43.3202,201.3584);(-0.6519,-2.8111,135.3539);
﻿21.4470;(-313.1302,-43.7574,201.1997);(-1.2577,-4.1010,139.6292);
﻿21.5020;(-313.4051,-44.2523,201.1905);(-0.8332,-4.5239,144.1033);
﻿21.5440;(-313.6162,-44.6359,201.1421);(-0.4555,-4.9800,147.2138);
﻿21.6010;(-313.8685,-45.0871,200.8990);(-0.1675,-6.3369,151.2688);
﻿21.6420;(-314.0478,-45.3476,200.5106);(-0.4037,-8.1733,153.8375);
﻿21.6980;(-314.2689,-45.5676,199.8974);(-0.9239,-11.4082,156.5517);
﻿21.7400;(-314.4158,-45.6272,199.3794);(-1.3400,-13.7478,157.9119);
﻿21.7960;(-314.5905,-45.6255,198.6166);(-1.4296,-17.3456,159.3597);
﻿21.8520;(-314.7434,-45.5418,197.7446);(-1.2614,-21.1918,160.3244);
﻿21.8930;(-314.8732,-45.3941,196.9464);(-1.0442,-24.5916,160.6378);
﻿21.9480;(-315.1138,-45.1309,195.7241);(-1.0707,-29.3021,160.5987);
﻿21.9900;(-315.2911,-44.9131,194.7207);(-1.3439,-33.0392,160.4465);
﻿22.0460;(-315.5746,-44.6248,193.4151);(-1.7638,-37.4521,160.3986);
﻿22.1020;(-315.7585,-44.3785,192.3417);(-2.5121,-41.0395,160.5693);
﻿22.1430;(-315.8341,-44.2234,191.8065);(-3.3007,-42.9229,160.5214);
﻿22.1990;(-315.9795,-44.0855,191.5090);(-3.4938,-43.8652,159.8045);
﻿22.2410;(-316.0580,-44.0523,191.5019);(-3.4448,-44.0091,159.1263);
﻿22.2960;(-316.1704,-44.0587,191.6103);(-3.1048,-43.4547,158.3200);
﻿22.3530;(-316.2933,-44.1157,191.6962);(-2.8462,-43.0579,158.0329);
﻿22.3940;(-316.3365,-44.1809,191.6653);(-2.9380,-43.1337,158.0297);
﻿22.4490;(-316.3704,-44.2281,191.6358);(-3.1436,-43.3041,158.1302);
﻿22.4910;(-316.3834,-44.2345,191.6141);(-3.2601,-43.3086,158.1168);
﻿22.5470;(-316.4286,-44.1821,191.6070);(-3.6951,-43.2609,158.2541);
﻿22.6030;(-316.4534,-44.0856,191.6129);(-3.7807,-43.3726,158.0854);
﻿22.6450;(-316.4969,-43.9591,191.6446);(-3.6336,-43.3782,157.8789);
﻿22.7010;(-344.0002,-39.1577,191.6686);(-3.5919,-43.3010,157.6778);
﻿22.7420;(305.6278,-21.3607,191.6933);(-3.7581,-43.2885,157.6983);
﻿22.7990;(305.5869,-21.0726,191.7434);(-4.1086,-43.1055,157.6111);
﻿22.8390;(305.5880,-20.7948,191.8609);(-4.1768,-42.7119,157.1299);
﻿22.8950;(305.6482,-20.3883,192.1031);(-4.1223,-41.8823,156.0716);
﻿22.9510;(305.7288,-19.9182,192.4558);(-3.7804,-40.5830,154.4953);
﻿22.9920;(305.8184,-19.5750,192.7117);(-3.7266,-39.5672,153.3033);
﻿23.0490;(305.9727,-19.1330,192.9098);(-3.7058,-38.8783,151.5534);
﻿23.1030;(306.1765,-18.6088,193.0368);(-3.3865,-38.5556,149.0678);
﻿23.1460;(306.3795,-18.1725,193.1172);(-2.9128,-38.4549,146.5363);
﻿23.2010;(306.6988,-17.4985,193.2444);(-1.8815,-37.8554,142.4550);
﻿23.2430;(307.0208,-16.9820,193.4163);(-1.0491,-37.0756,138.7542);
﻿23.2980;(307.5173,-16.3287,193.6876);(0.1679,-35.6830,133.3969);
﻿23.3410;(307.9526,-15.9023,193.9161);(1.0377,-34.7122,129.0973);
﻿23.3960;(308.5742,-15.4299,194.3589);(2.1875,-33.0416,123.4636);
﻿23.4520;(309.1877,-15.0141,194.8894);(3.0073,-30.9224,117.8522);
﻿23.4930;(309.6270,-14.7552,195.2756);(3.5003,-29.4967,113.7483);
﻿23.5500;(310.1118,-14.4941,195.7353);(3.8548,-27.9300,108.9468);
﻿23.5920;(310.3838,-14.3293,196.0338);(3.9979,-26.9822,105.8511);
﻿23.6470;(310.6279,-14.1821,196.3112);(4.0429,-26.2057,102.5300);
﻿23.7020;(310.7094,-14.0935,196.4776);(3.9946,-25.8252,100.1239);
﻿23.7450;(310.6618,-14.0461,196.6296);(3.6442,-25.4666,98.9522);
﻿23.8000;(310.5096,-14.0163,196.8055);(3.2420,-24.9436,98.2070);
﻿23.8420;(310.3336,-14.0262,196.9276);(2.9078,-24.4417,97.9962);
﻿23.8970;(310.0584,-14.0435,197.1035);(2.5484,-23.9562,98.0917);
﻿23.9530;(309.7402,-14.0739,197.2619);(2.2213,-23.5067,98.5439);
﻿23.9950;(309.4808,-14.1134,197.3575);(2.0887,-23.1444,99.1751);
﻿24.0500;(309.0842,-14.2164,197.5279);(1.9958,-22.6465,100.4225);
﻿24.0920;(308.7086,-14.3769,197.6718);(2.0156,-22.1843,102.0359);
﻿24.1480;(307.8922,-14.7778,198.0804);(1.8775,-20.7761,106.4020);
﻿24.2030;(306.3358,-15.6502,198.8476);(0.6425,-17.4266,116.2649);
﻿24.2450;(305.1432,-16.6878,199.4296);(-0.0902,-14.4155,125.4680);
﻿24.3010;(303.8698,-18.3902,200.0588);(-0.2630,-10.8650,137.6190);
﻿24.3430;(303.2938,-19.7272,200.3605);(-0.0587,-9.2107,145.6064);
﻿24.3980;(303.0606,-21.1203,200.5141);(0.1926,-8.2030,152.7716);
﻿24.4410;(303.0984,-21.8936,200.5403);(0.2722,-7.9650,156.1578);
﻿24.4970;(303.2814,-22.5431,200.5436);(0.4743,-7.6940,158.6438);
﻿24.5520;(303.5259,-23.0372,200.4898);(0.4602,-7.7154,160.2765);
﻿24.5930;(303.7126,-23.3409,200.4794);(0.3666,-7.7030,161.2359);
﻿24.6490;(303.9694,-23.6943,200.4706);(0.3240,-7.5681,162.3229);
﻿24.6910;(304.1322,-23.9576,200.4830);(0.3342,-7.4295,162.9911);
﻿24.7470;(304.2949,-24.2831,200.4763);(0.5036,-7.2974,163.9107);
﻿24.8020;(304.4051,-24.5542,200.4764);(0.4952,-7.4055,164.6731);
﻿24.8440;(304.4547,-24.7430,200.4631);(0.5854,-7.4762,165.1152);
﻿24.8990;(304.5065,-24.9356,200.4496);(0.5356,-7.6664,165.4756);
﻿24.9420;(304.5054,-25.0418,200.4359);(0.5960,-7.8589,165.6706);
﻿24.9970;(304.4635,-25.1490,200.4234);(0.6183,-8.1535,166.0291);
﻿25.0540;(304.3831,-25.2236,200.4102);(0.5899,-8.4103,166.4593);
﻿25.0940;(304.2762,-25.2238,200.3546);(0.5050,-8.7198,166.7372);
﻿25.1510;(304.1014,-25.1796,200.2807);(0.4854,-9.2978,167.0849);
﻿25.1920;(303.9005,-25.0924,200.2284);(0.5334,-9.6962,167.3726);
﻿25.2480;(303.5820,-24.9665,200.1027);(0.4206,-10.4494,167.8307);
﻿25.3040;(303.2422,-24.8946,199.8767);(0.0125,-11.5795,168.5600);
﻿25.3450;(302.9944,-24.8879,199.7210);(-0.0196,-12.4308,169.2333);
﻿25.4010;(302.7362,-24.9080,199.5113);(-0.1229,-13.5917,170.2624);
﻿25.4420;(302.5504,-24.9106,199.3698);(-0.1514,-14.2977,171.0526);
﻿25.4990;(302.3583,-24.8467,199.2473);(-0.1546,-15.0544,172.1937);
﻿25.5410;(302.2352,-24.7525,199.1685);(-0.2425,-15.2922,172.9879);
﻿25.5960;(302.0872,-24.5482,199.0969);(-0.6110,-15.4564,173.8521);
﻿25.6510;(301.9755,-24.3053,199.0253);(-0.9494,-15.8257,174.2229);
﻿25.6940;(301.8889,-24.1422,198.9876);(-1.0727,-16.0522,174.3346);
﻿25.7490;(301.7583,-23.9518,198.9422);(-1.0775,-16.3358,174.4732);
﻿25.7910;(301.6671,-23.8443,198.9014);(-1.0281,-16.5217,174.7393);
﻿25.8460;(301.5167,-23.7148,198.8817);(-1.0237,-16.7493,175.1829);
﻿25.9030;(301.3847,-23.5673,198.8587);(-1.0212,-16.9164,175.5174);
﻿25.9430;(301.2765,-23.4417,198.8615);(-0.8887,-17.0313,175.6482);
﻿25.9990;(301.1786,-23.2778,198.8422);(-0.8681,-17.2025,175.8513);
﻿26.0420;(301.1049,-23.1327,198.8577);(-0.8190,-17.1954,175.9351);
﻿26.0970;(301.0107,-22.9181,198.8564);(-0.7516,-17.1510,175.9249);
﻿26.1530;(300.9230,-22.7110,198.8566);(-0.8095,-17.2234,175.9586);
﻿26.1940;(300.8350,-22.5377,198.8571);(-0.8518,-17.1713,175.9643);
﻿26.2500;(300.7267,-22.3044,198.8476);(-0.9742,-17.2292,175.9754);
﻿26.2920;(300.6554,-22.1463,198.8191);(-0.9948,-17.3107,175.9225);
﻿26.3470;(300.5855,-21.9523,198.7754);(-1.0871,-17.5467,175.8615);
﻿26.3900;(300.5477,-21.8081,198.7574);(-1.0974,-17.6244,175.8246);
﻿26.4450;(300.5142,-21.6442,198.7447);(-1.2741,-17.7154,175.9079);
﻿26.5010;(300.4949,-21.4830,198.7445);(-1.3750,-17.6676,175.9122);
﻿26.5430;(300.4807,-21.3572,198.7503);(-1.4361,-17.6863,175.8934);
﻿26.5980;(300.4594,-21.1868,198.7467);(-1.5124,-17.6906,175.8224);
﻿26.6540;(300.4398,-21.0499,198.7096);(-1.6423,-17.8900,175.6769);
﻿26.6950;(300.3992,-20.9207,198.6750);(-1.7015,-18.0451,175.5621);
﻿26.7510;(300.3429,-20.7704,198.5990);(-1.8857,-18.3854,175.3700);
﻿26.7920;(300.2930,-20.6951,198.5647);(-1.9717,-18.5326,175.2682);
﻿26.8490;(300.2390,-20.6068,198.5086);(-2.0323,-18.8120,175.1481);
﻿26.8900;(300.1947,-20.5559,198.4889);(-2.0081,-18.8572,175.1710);
﻿26.9460;(300.1337,-20.5515,198.4715);(-1.9993,-18.9805,175.2504);
﻿27.0020;(300.0740,-20.5518,198.4614);(-2.0525,-19.0528,175.3642);
﻿27.0430;(300.0131,-20.5597,198.4624);(-2.0383,-19.1311,175.4109);
﻿27.0990;(299.9332,-20.6005,198.4536);(-2.0796,-19.1735,175.5266);
﻿27.1400;(299.8776,-20.6340,198.4362);(-2.0488,-19.2830,175.5581);
﻿27.1960;(299.7996,-20.6983,198.4383);(-1.9993,-19.2471,175.5905);
﻿27.2520;(299.7509,-20.7754,198.4441);(-2.0135,-19.2358,175.6122);
﻿27.2930;(299.7229,-20.8507,198.4495);(-1.9781,-19.2061,175.6527);
﻿27.3500;(299.6830,-20.9910,198.4530);(-1.8950,-19.2308,175.7348);
﻿27.3910;(299.6631,-21.0885,198.4430);(-1.8582,-19.1686,175.8045);
﻿27.4470;(299.6566,-21.2364,198.4400);(-1.7580,-19.2923,175.9162);
﻿27.5020;(299.6699,-21.3811,198.4359);(-1.7517,-19.2785,176.0556);
﻿27.5450;(299.6959,-21.4863,198.4369);(-1.7571,-19.2631,176.0992);
﻿27.6000;(299.7486,-21.6382,198.4406);(-1.7622,-19.2240,176.1088);
﻿27.6420;(299.7836,-21.7451,198.4714);(-1.7339,-19.0868,176.0980);
﻿27.6970;(299.8188,-21.8834,198.4941);(-1.6044,-18.9682,176.0823);
﻿27.7530;(299.8435,-22.0141,198.5019);(-1.5733,-18.9009,176.1180);
﻿27.7950;(299.8586,-22.0972,198.4918);(-1.5938,-19.0193,176.1218);
﻿27.8510;(299.8498,-22.1808,198.4851);(-1.6302,-19.0653,176.0732);
﻿27.8920;(299.8531,-22.2513,198.4624);(-1.6641,-19.1906,176.0272);
﻿27.9480;(299.8460,-22.3413,198.4505);(-1.6745,-19.2149,175.9334);
﻿27.9900;(299.8511,-22.4176,198.4315);(-1.6533,-19.3144,175.9299);
﻿28.0460;(299.8405,-22.5160,198.4259);(-1.7037,-19.3564,175.9910);
﻿28.1020;(299.8419,-22.6082,198.4049);(-1.6829,-19.4851,175.9667);
﻿28.1430;(299.8386,-22.6567,198.3940);(-1.6852,-19.4668,175.8837);
﻿28.1990;(299.8482,-22.7010,198.3749);(-1.7069,-19.5428,175.6918);
﻿28.2410;(299.8774,-22.7251,198.3682);(-1.7416,-19.6239,175.4097);
﻿28.2960;(299.9442,-22.7099,198.3955);(-1.8057,-19.5779,174.7632);
﻿28.3520;(300.0272,-22.6436,198.4648);(-1.7533,-19.3682,173.8282);
﻿28.3940;(300.0989,-22.5769,198.5294);(-1.7710,-19.2400,172.9860);
﻿28.4500;(300.1979,-22.4860,198.5803);(-1.8029,-19.0667,171.8261);
﻿28.4920;(300.2677,-22.4371,198.5983);(-1.7558,-18.9372,171.0442);
﻿28.5470;(300.3609,-22.4088,198.6023);(-1.8166,-18.9538,170.2538);
﻿28.6030;(300.4518,-22.4287,198.5969);(-1.8739,-18.9188,169.7514);
﻿28.6440;(300.5127,-22.4627,198.5904);(-1.9397,-18.8866,169.4393);
﻿28.7010;(300.5988,-22.5055,198.5950);(-2.0185,-18.8291,169.0719);
﻿28.7420;(300.6692,-22.5462,198.5964);(-2.0514,-18.8144,168.8695);
﻿28.7980;(300.7633,-22.6055,198.6058);(-2.1173,-18.6671,168.6484);
﻿28.8530;(300.8909,-22.6585,198.6007);(-2.1710,-18.6202,168.4040);
﻿28.8950;(300.9955,-22.7132,198.6125);(-2.2379,-18.5025,168.3177);
﻿28.9510;(301.1316,-22.7909,198.6378);(-2.2513,-18.3141,168.3244);
﻿28.9930;(301.2465,-22.8706,198.6429);(-2.2084,-18.1775,168.4831);
﻿29.0480;(301.4084,-22.9881,198.6627);(-2.2486,-18.1603,168.8476);
﻿29.0910;(301.5354,-23.0475,198.6744);(-2.2825,-18.0020,169.1518);
﻿29.1460;(301.7177,-23.0769,198.6802);(-2.5319,-17.9184,169.5093);
﻿29.2020;(301.9019,-23.0264,198.6714);(-2.8849,-17.9284,169.5771);
﻿29.2430;(302.0279,-22.9223,198.6154);(-3.1751,-18.0367,169.4069);
﻿29.3000;(302.2171,-22.6703,198.4698);(-4.0112,-18.7142,169.0782);
﻿29.3410;(302.3694,-22.3472,198.3140);(-5.2343,-19.3972,168.7628);
﻿29.3970;(302.6347,-21.7813,198.0283);(-7.5723,-20.5270,167.5902);
﻿29.4520;(302.9135,-21.1206,197.7524);(-9.6115,-21.8743,165.7584);
﻿29.4940;(303.1469,-20.5812,197.5800);(-10.8092,-22.7195,163.8336);
﻿29.5500;(303.5596,-19.8080,197.2851);(-11.6814,-23.9842,160.0976);
﻿29.5920;(303.8701,-19.2871,197.1037);(-11.1172,-24.8897,156.8581);
﻿29.6470;(304.3623,-18.5875,196.8760);(-10.2004,-26.0852,152.1737);
﻿29.7030;(304.8822,-18.0032,196.6912);(-9.7777,-27.1380,147.6398);
﻿29.7450;(305.2580,-17.5906,196.5816);(-9.5874,-27.8055,144.0950);
﻿29.8010;(305.7709,-17.0930,196.4426);(-9.1789,-28.4605,139.2878);
﻿29.8420;(306.1553,-16.7745,196.3119);(-8.6727,-28.9365,135.4916);
﻿29.8980;(306.6433,-16.3944,196.1799);(-8.1429,-29.5102,130.4989);
﻿29.9540;(307.2095,-16.0787,196.0453);(-7.4630,-30.1313,125.0096);
﻿29.9950;(307.6035,-15.9153,196.0021);(-6.9931,-30.3566,120.8753);
﻿30.0510;(308.1976,-15.7237,195.9689);(-6.1500,-30.4208,115.1049);
﻿30.0930;(308.6293,-15.6602,195.9917);(-5.5389,-30.4235,110.8373);
﻿30.1480;(309.2639,-15.6307,196.0414);(-4.4925,-30.1542,104.6661);
﻿30.1900;(309.7660,-15.6657,196.0900);(-3.7920,-29.8748,99.8222);
﻿30.2460;(310.4678,-15.8562,196.1221);(-2.5975,-29.5917,92.8896);
﻿30.3020;(311.1431,-16.1931,196.1764);(-1.7999,-29.1316,85.8530);
﻿30.3430;(311.5830,-16.5281,196.2165);(-1.0383,-28.8780,80.9095);
﻿30.3990;(312.0286,-17.0217,196.2813);(-0.1544,-28.3611,74.9679);
﻿30.4410;(312.2816,-17.3839,196.3433);(0.1981,-28.0145,71.1872);
﻿30.4960;(312.5964,-17.8637,196.4332);(0.3471,-27.5031,66.4939);
﻿30.5520;(312.9349,-18.3973,196.5039);(0.4125,-26.8974,61.4905);
﻿30.5940;(313.1162,-18.8731,196.5619);(0.7979,-26.5327,57.6079);
﻿30.6500;(313.2350,-19.5133,196.6619);(1.0252,-25.8526,53.1863);
﻿30.6920;(313.2665,-19.9873,196.7728);(1.3230,-25.1071,50.2557);
﻿30.7480;(313.3579,-20.7045,196.9761);(1.2456,-23.8066,46.0657);
﻿30.8030;(313.5462,-21.5063,197.2249);(1.0914,-22.3160,41.1037);
﻿30.8450;(313.6380,-22.1345,197.3337);(1.3910,-21.4125,37.1932);
﻿30.9000;(313.7354,-22.9359,197.4591);(1.6467,-20.4468,32.3613);
﻿30.9420;(313.7534,-23.4966,197.5482);(1.5778,-19.8641,29.3546);
﻿30.9970;(313.7615,-24.1810,197.6593);(1.6531,-18.9404,25.8934);
﻿31.0540;(313.7755,-24.7807,197.7838);(1.6089,-18.1324,23.2702);
﻿31.0950;(313.7403,-25.0899,197.8228);(1.6738,-17.7882,22.0918);
﻿31.1510;(313.7078,-25.3833,197.8758);(1.6757,-17.4572,21.1754);
﻿31.1920;(313.7007,-25.5549,197.8554);(1.5836,-17.4332,21.0933);
﻿31.2490;(313.7352,-25.6889,197.8278);(1.6165,-17.5207,21.1044);
﻿31.2900;(313.7713,-25.7603,197.8083);(1.4385,-17.7053,21.3855);
﻿31.3450;(313.9364,-25.7806,197.8063);(1.4421,-17.7636,21.8186);
﻿31.4020;(314.1116,-25.7635,197.8163);(1.3582,-17.9785,22.5373);
﻿31.4430;(314.2500,-25.7148,197.8085);(1.3772,-18.0065,23.2857);
﻿31.4980;(314.4391,-25.5224,197.7729);(1.4590,-18.4179,25.1758);
﻿31.5410;(314.5542,-25.2611,197.7132);(1.6248,-18.8153,27.4810);
﻿31.5970;(314.5842,-24.6584,197.6606);(1.5941,-19.6788,32.7092);
﻿31.6520;(314.4891,-23.7968,197.6743);(1.3359,-20.3296,40.3163);
﻿31.6940;(314.2366,-22.9906,197.7221);(0.6563,-20.7686,47.9340);
﻿31.7490;(313.5078,-21.7671,197.7658);(-0.9296,-21.1193,61.1330);
﻿31.7910;(312.7121,-21.0009,197.7946);(-2.5835,-21.4531,72.5331);
﻿31.8470;(311.3824,-20.3078,197.7567);(-5.6845,-21.6448,89.0338);
﻿31.9030;(309.9536,-20.1698,197.6811);(-8.8000,-21.3029,106.0079);
﻿31.9440;(309.0529,-20.3942,197.6364);(-10.8610,-20.7932,117.8746);
﻿32.0000;(308.2283,-21.0005,197.6133);(-13.3537,-19.9626,131.6527);
﻿32.0420;(307.9474,-21.4394,197.6234);(-14.6616,-19.0116,139.9968);
﻿32.0980;(307.8445,-21.9463,197.6275);(-15.5157,-17.8284,148.6913);
﻿32.1530;(307.9949,-22.2209,197.6870);(-16.1491,-16.7250,154.9143);
﻿32.1950;(308.1830,-22.2868,197.7540);(-16.2374,-16.1583,157.9392);
﻿32.2500;(308.4182,-22.2291,197.8264);(-16.2847,-15.5094,160.7273);
﻿32.2920;(308.5335,-22.1213,197.8537);(-16.4470,-15.1157,162.2382);
﻿32.3480;(308.5982,-21.9532,197.8119);(-16.6030,-14.9302,163.6424);
﻿32.3900;(308.6042,-21.8347,197.7349);(-16.7609,-15.1573,164.4348);
﻿32.4450;(308.5315,-21.6191,197.6219);(-16.7978,-15.6908,164.6827);
﻿32.5020;(308.4340,-21.3442,197.4945);(-16.7351,-16.4883,163.9258);
﻿32.5430;(308.3446,-21.1037,197.3712);(-16.8223,-17.3090,162.4650);
﻿32.5980;(308.2554,-20.6444,197.1852);(-16.7025,-18.6954,158.9945);
﻿32.6410;(308.2324,-20.2803,197.0406);(-16.0488,-20.0746,155.6368);
﻿32.6960;(308.2589,-19.7369,196.7798);(-15.2964,-21.9532,150.2069);
﻿32.7520;(308.3857,-19.2206,196.4570);(-14.5342,-24.1139,144.3122);
﻿32.7930;(308.5981,-18.8381,196.1724);(-13.8058,-25.8675,139.5035);
﻿32.8490;(308.9562,-18.4020,195.8846);(-12.6091,-27.7664,132.8980);
﻿32.8910;(309.3968,-18.1013,195.6678);(-11.4917,-29.2341,127.0667);
﻿32.9470;(310.2533,-17.7250,195.5041);(-9.9350,-30.8432,117.7060);
﻿33.0030;(311.4713,-17.4610,195.4050);(-7.2747,-31.5886,106.3099);
﻿33.0440;(312.4264,-17.4724,195.3920);(-5.3679,-31.7891,97.9745);
﻿33.1000;(313.7206,-17.7517,195.3989);(-3.2888,-31.8346,87.2666);
﻿33.1420;(314.5907,-18.1423,195.4511);(-1.5676,-31.6215,80.1035);
﻿33.1970;(315.5965,-18.8181,195.6277);(0.1674,-30.7312,71.8222);
﻿33.2530;(316.5276,-19.6810,195.8810);(1.2527,-29.1061,63.6503);
﻿33.2950;(317.1098,-20.4300,196.0790);(2.1195,-28.0487,57.6839);
﻿33.3510;(317.6804,-21.5027,196.2873);(3.3612,-26.6850,50.4904);
﻿33.3930;(317.9836,-22.3234,196.5451);(4.1450,-25.5459,45.5626);
﻿33.4470;(318.2510,-23.3654,196.7837);(4.4467,-23.9344,39.8891);
﻿33.5040;(318.3444,-24.3222,197.0177);(4.6343,-22.5793,35.3057);
﻿33.5450;(318.3475,-24.9196,197.2238);(4.4936,-21.6361,32.6984);
﻿33.6010;(318.2978,-25.5289,197.4697);(4.2360,-20.4803,30.0188);
﻿33.6420;(318.2713,-25.8954,197.6234);(4.0673,-19.6642,28.5592);
﻿33.6980;(318.2098,-26.2225,197.7626);(3.7250,-19.0191,27.3447);
﻿33.7400;(318.1804,-26.3576,197.8376);(3.5898,-18.7403,26.9432);
﻿33.7960;(318.1577,-26.4334,197.8919);(3.3258,-18.6467,26.8214);
﻿33.8520;(318.1620,-26.4430,197.9141);(3.2767,-18.7688,26.8814);
﻿33.8940;(318.1868,-26.3709,197.9357);(3.3633,-18.8240,26.9192);
﻿33.9490;(318.2239,-26.2606,197.9195);(3.5115,-19.0327,27.0710);
﻿33.9910;(318.2100,-26.1850,197.8902);(3.6832,-19.2515,27.2354);
﻿34.0460;(318.2228,-26.0463,197.8725);(3.6889,-19.3956,27.7236);
﻿34.1030;(318.2307,-25.9098,197.8573);(3.6200,-19.5117,28.2943);
﻿34.1440;(318.2526,-25.8042,197.8672);(3.6364,-19.5374,28.7137);
﻿34.2000;(318.3135,-25.6824,197.8612);(3.5820,-19.6476,29.1913);
﻿34.2420;(318.3784,-25.5950,197.8668);(3.5029,-19.7005,29.4651);
﻿34.2970;(318.5161,-25.5014,197.8678);(3.3491,-19.6890,29.6760);
﻿34.3530;(318.6853,-25.4068,197.8488);(3.2111,-19.8046,29.7956);
﻿34.3950;(318.8265,-25.3403,197.8461);(3.1335,-19.8924,29.8259);
﻿34.4500;(319.0137,-25.2662,197.7864);(2.9892,-20.1256,29.8835);
﻿34.4920;(319.1611,-25.2249,197.7619);(2.9452,-20.2331,29.8545);
﻿34.5470;(319.3260,-25.1930,197.7321);(2.8576,-20.4208,29.7357);
﻿34.6030;(319.4994,-25.1554,197.7061);(2.8071,-20.5059,29.5787);
﻿34.6440;(319.6119,-25.1365,197.6884);(2.7142,-20.5193,29.4425);
﻿34.7000;(319.7504,-25.1234,197.6690);(2.6382,-20.6026,29.3709);
﻿34.7420;(319.8467,-25.1084,197.6592);(2.5352,-20.5813,29.2367);
﻿34.7980;(319.9637,-25.0912,197.6595);(2.4536,-20.5590,29.0996);
﻿34.8540;(320.0837,-25.0691,197.6403);(2.3799,-20.6267,28.9604);
﻿34.8940;(320.1725,-25.0401,197.6472);(2.3374,-20.6035,28.8542);
﻿34.9510;(320.2682,-24.9877,197.6504);(2.2676,-20.6119,28.8178);
﻿34.9920;(320.3550,-24.9225,197.6523);(2.1867,-20.5666,28.8047);
﻿35.0490;(320.4762,-24.8177,197.6712);(2.1250,-20.6558,28.8022);
﻿35.0900;(320.5986,-24.7278,197.6866);(2.0914,-20.6519,28.7265);
﻿35.1460;(320.8182,-24.6192,197.7528);(2.0277,-20.6614,28.4337);
﻿35.2020;(321.0991,-24.5523,197.8145);(1.7305,-20.4848,27.8234);
﻿35.2440;(321.3860,-24.5075,197.8644);(1.6338,-20.1367,27.0970);
﻿35.2990;(321.8396,-24.4623,197.8159);(1.4360,-19.5560,26.3234);
﻿35.3410;(322.3026,-24.3683,197.7030);(1.6369,-18.8299,26.3088);
﻿35.3960;(322.9663,-24.3035,197.3572);(1.4270,-18.5094,26.5917);
﻿35.4520;(323.7272,-24.4613,197.1063);(1.0284,-19.5799,25.8133);
﻿35.4930;(324.3549,-24.6519,196.9441);(0.5544,-19.5583,24.6191);
﻿35.5490;(325.1742,-24.9057,196.8135);(-0.4572,-18.7506,21.7014);
﻿35.5920;(325.6323,-25.1169,196.7284);(-0.5971,-19.0077,18.6098);
﻿35.6470;(326.0171,-25.2507,196.8986);(-0.7743,-19.6488,14.1232);
﻿35.7030;(326.0758,-25.2814,197.1769);(-0.5487,-19.8057,9.0524);
﻿35.7440;(325.9609,-25.3041,197.3526);(-0.2032,-19.2846,4.6901);
﻿35.8000;(325.5513,-25.2578,197.4048);(-0.0603,-18.8533,-1.2493);
﻿35.8420;(325.0845,-25.2206,197.4223);(-0.1662,-18.9700,-5.8664);
﻿35.8980;(324.2294,-25.0645,197.4543);(0.0537,-19.3894,-11.9057);
﻿35.9530;(323.1824,-24.8507,197.5640);(0.5405,-19.7419,-17.5536);
﻿35.9950;(322.3101,-24.6179,197.6180);(0.4256,-19.2250,-21.3303);
﻿36.0510;(321.1513,-24.2660,197.6540);(0.2570,-18.7248,-25.4404);
﻿36.0930;(320.3431,-23.9650,197.6562);(0.2891,-18.6661,-28.1207);
﻿36.1480;(319.3617,-23.6049,197.6561);(0.4117,-18.3249,-30.8667);
﻿36.1910;(318.7418,-23.3149,197.6042);(0.4569,-18.1515,-32.5509);
﻿36.2460;(318.0076,-22.9912,197.5385);(0.6463,-18.2185,-34.3484);
﻿36.3020;(317.3863,-22.7004,197.4165);(0.6315,-18.3181,-35.6250);
﻿36.3430;(317.0616,-22.5677,197.3920);(0.6362,-18.4204,-36.3480);
﻿36.3990;(316.7302,-22.4427,197.3548);(0.7334,-18.2003,-37.0725);
﻿36.4410;(316.5519,-22.3891,197.3434);(0.9980,-17.8755,-37.5681);
﻿36.4960;(316.3927,-22.2965,197.2998);(1.2783,-18.1746,-37.8729);
﻿36.5520;(316.3365,-22.2688,197.2737);(1.3533,-18.0525,-38.1009);
﻿36.5930;(316.2868,-22.2343,197.2450);(1.2280,-18.2596,-38.1572);
﻿36.6500;(316.3753,-22.2424,197.2580);(1.2897,-18.1878,-38.2294);
﻿36.6910;(316.5174,-22.2651,197.2933);(1.3063,-18.1084,-38.3094);
﻿36.7470;(316.7042,-22.2975,197.2714);(1.4256,-18.1947,-38.3526);
﻿36.8030;(316.9602,-22.3795,197.3071);(1.3910,-18.1059,-38.4064);
﻿36.8450;(317.1329,-22.4309,197.2859);(1.3684,-18.2024,-38.4838);
﻿36.9000;(317.3911,-22.5116,197.2691);(1.3239,-18.4505,-38.6171);
﻿36.9420;(317.6015,-22.5715,197.2495);(1.2290,-18.5977,-38.6901);
﻿36.9970;(317.8782,-22.6387,197.2398);(1.3304,-18.7296,-38.8126);
﻿37.0540;(318.1256,-22.6954,197.2035);(1.3533,-18.8000,-38.8848);
﻿37.0940;(318.3142,-22.7230,197.1949);(1.4507,-18.9037,-38.7966);
﻿37.1510;(318.5490,-22.7690,197.1896);(1.3802,-18.9423,-38.6086);
﻿37.1920;(318.7066,-22.8004,197.1721);(1.3725,-19.0847,-38.4509);
